#;1;4;14;17;24;28;46;49;94;153;156;172;173;199;200;204;207;208;209;212;224;225;247;252;296;321;322;340;358;360;362;383;384;437;443;468;472;498;541;551;569;582;590;595;610;611;617;670;723;752;753;757;762;763;781;789;799;800;801;802;841;866;895;926;938;973;1029;1042;1070;1090;1099;1107;1174;1181;1182;1239;1281;1282
00.02;548
01.00;585
01.02;1088;1228;1342
01.03;1158
02.02;1086
02.20;191
03.11;1089
04.01;252
04.04;1107
05.03;1253
05.04;1255
05.10;1260
06.12;1254
061;314;315;728;937;1109;1170
11.01;791
11.07;1084
12;437;867
12.00;359;495
12.01;7;313
12.05;372
13q12;1117
20.00;367
20.01;99
20.04;343
20.05;724
24;551
32.00;200
33;339
38;1159
3d;587
40;1270
402;755
41.00;492;497
42.00;28
51.00;447
52.00;197;244
52.05;342
55.00;245
56.00;192
5f;443
6;98;443
62.12;341
62.20;590
63.05;195;260
71.01;255
75.12;199;542
78.01;266
<r>;783
ACVC;159;161;644;756;1001;1060;1120;1124;1126
ALGC;8;37;65;66;101;107;108;110;111;112;114;115;116;117;118;120;121;122;124;127;130;131;134;139;171;283;284;353;470;481;482;483;484;485;486;487;488;489;490;494;550;558;561;573;600;735;882;883;884;885;886;887;888;890;891;892;893;894;896;897;898;899;901;1000;1113;1118;1195;1199;1213;1215;1221;1224;1244;1267;1268;1269;1278;1293;1306;1325;1326;1336
ANRC;143;153;210;306;309;530;531;532;651;787;847;1125;1138;1146
CARC;279;280;281;285;286;289;300;301;302;307;308;309;392;407;408;429;430;431;451;468;472;504;530;531;532;534;536;537;538;539;545;546;557;560;570;616;626;632;638;673;713;733;752;779;782;794;816;853;858;872;881;895;912;921;926;939;946;947;999;1006;1027;1044;1065;1067;1068;1072;1178;1203;1250;1281;1300;1302
CGDC;248;278;411;413;500;621;640;650;916;1058;1140
CIA;123;198;326;1093
COFC;320;463;516;758;760;839;1292;1323
DERC;21;318;319;404;513;549;567;620;629;789;840;878;904;905;998;1050;1097;1106;1232
DIGC;106;209;225;247;266;267;277;296;305;321;347;348;363;435;440;442;444;448;467;473;499;551;555;564;636;639;647;679;691;693;738;755;828;829;844;873;909;915;934;995;1028;1075;1111;1121;1181;1198;1211;1307;1308;1341
ENDC;96;149;177;436;445;459;475;518;790;857;900;907;918;1043;1049;1069;1091;1135;1137;1236;1247
ETMC;465;622;641;668;774
GINC;3;298;317;320;395;423;583;642;643;712;724;818;830;831;864;868;924;954;1063;1071;1123;1222;1323
HAD;22;734
HELM;156;169;204
HEMC;28;144;328;333;382;457;601;645;764;903;923;1115;1116;1196;1240
HEMH;5;457;718;764;765
HOSP;1;4;5;30;123;137;138;146;170;172;173;174;185;190;191;192;193;194;197;205;206;207;208;211;212;219;223;224;225;226;227;228;229;230;243;244;246;265;295;303;304;309;311;312;323;324;325;326;337;341;342;343;344;345;357;364;376;377;378;379;380;381;409;410;424;425;427;449;452;453;456;462;480;491;492;501;503;510;529;530;531;532;536;537;538;539;541;542;548;553;554;559;560;561;563;569;570;572;575;580;581;583;584;585;586;590;593;596;604;605;606;607;611;612;653;658;659;665;671;676;677;678;679;682;705;714;717;719;721;723;726;728;731;736;740;743;752;793;797;826;850;854;858;859;860;876;879;902;908;917;919;921;925;926;927;928;930;935;937;939;944;946;997;1036;1041;1061;1062;1067;1068;1088;1089;1107;1112;1114;1119;1127;1128;1129;1130;1131;1132;1133;1145;1188;1216;1220;1226;1227;1228;1237;1238;1254;1259;1260;1266;1283;1288;1299;1301;1302;1324;1327;1337;1338;1342
MIRC;530;531;532;589;623;1099;1287
NEFC;100;102;511;603;693;761;777;1287;1328;1330
NEOP;173;757
NMLC;65;97;98;141;145;201;202;203;261;262;263;264;355;374;375;400;420;434;470;478;566;759;825;1141
NRLC;55;56;57;58;59;60;61;62;63;64;103;104;105;167;168;175;249;250;332;383;421;474;512;520;544;591;666;675;737;833;835;851;931;956;1045;1225;1233;1257;1276;1285;1329
OBSC;174;295;297;298;299;317;422;423;502;508;575;576;577;584;695;697;731;742;751;807;808;812;813;814;831;832;834;862;864;871;920;954;968;991;1063;1064;1136;1151;1162;1163;1165;1173;1182;1184;1217;1229;1246;1262;1323
OFTC;32;33;34;35;36;93;94;99;158;160;165;166;187;218;256;257;258;288;292;293;354;366;368;412;418;419;450;454;458;519;521;523;533;587;592;594;599;628;630;633;654;657;660;667;669;775;776;783;792;796;809;815;819;843;865;889;989;990;996;1053;1054;1095;1105;1202
ONCC;817;1073
ORLC;142;148;150;180;181;216;217;330;338;339;405;414;415;416;420;438;446;447;460;461;469;515;526;527;528;547;556;565;571;597;618;624;627;720;767;770;780;788;810;811;849;852;863;880;910;922;993;1037;1040;1046;1047;1052;1092;1134;1166;1167;1201;1264;1305;1339;1340
PEDC;40;45;47;50;52;53;109;113;119;125;126;128;129;132;133;135;136;140;173;183;184;309;310;329;349;530;531;532;540;637;786;827;898;954;973;1002;1087;1142;1143;1144;1185;1186;1187;1189;1205;1208;1243;1249;1289;1290;1325;1326
PSQC;39;46;48;49;54;55;67;68;72;79;90;91;92;146;167;168;182;352;377;378;424;425;439;516;524;591;608;609;631;721;726;824;846;855;875;908;992;1002;1009;1010;1079;1080;1081;1225;1233;1257;1309;1334
PSQH;48;49;72;79;146;771;824;875;908;911;992;1009;1010
RADG;406;1183
RADM;253;254;255;652;655;656;1191;1234;1263;1277;1279;1284
REHC;15;157;188;189;332;350;351;514;677;678;727;768;778;820;877;929;994;1051;1066;1204;1265;1322;1332
REUC;27;162;163;164;678;725;778;1022;1023
TRAC;196;332;371;441;649;662;677;678;856;861;1059
Todos;2;9;10;17;19;20;23;24;25;26;29;31;176;178;179;186;195;199;200;213;215;220;221;222;245;251;252;259;260;268;269;270;271;272;273;274;275;276;290;291;294;316;322;327;331;334;335;336;340;346;356;358;367;369;370;391;393;394;396;397;401;402;403;417;426;428;437;443;466;476;497;498;505;506;507;509;517;522;525;543;552;562;568;574;578;579;598;610;619;625;634;670;680;681;683;684;685;686;687;688;689;690;692;694;696;698;699;700;701;702;703;704;708;709;710;722;729;732;739;741;744;745;746;747;748;753;754;762;763;769;772;773;781;784;785;791;795;798;799;800;801;802;803;804;805;806;821;822;823;836;838;841;842;866;869;870;913;914;932;933;948;949;950;951;952;953;955;957;958;959;960;961;962;963;964;965;966;967;969;970;971;972;974;975;976;977;978;979;980;981;982;983;984;985;986;987;988;1003;1004;1005;1007;1008;1011;1012;1013;1014;1015;1016;1017;1018;1019;1020;1021;1024;1025;1026;1029;1033;1034;1035;1038;1039;1042;1048;1055;1056;1057;1070;1074;1076;1077;1078;1086;1096;1098;1100;1110;1117;1139;1147;1148;1149;1150;1155;1160;1161;1164;1168;1171;1172;1174;1175;1176;1177;1179;1192;1193;1197;1200;1206;1207;1209;1210;1212;1214;1218;1219;1223;1231;1239;1241;1242;1245;1251;1252;1253;1255;1256;1258;1261;1271;1273;1274;1275;1280;1282;1286;1291;1294;1295;1296;1297;1298;1303;1304;1321;1331;1333;1335;1343;1346
UDOC;18;154;432;674;906;1180
URG;6;7;185;205;230;287;295;309;311;312;313;314;315;337;341;359;360;361;362;364;372;452;456;462;491;493;495;496;510;529;530;531;532;535;536;537;538;539;548;560;569;570;572;581;582;586;588;595;607;613;614;677;678;679;682;705;706;707;711;714;715;716;717;719;728;874;937;938;939;940;941;942;943;944;945;1082;1083;1084;1085;1094;1101;1102;1103;1104;1107;1108;1109;1112;1152;1153;1154;1156;1157;1158;1159;1169;1170;1190;1230;1302
UROC;11;12;13;14;16;95;214;282;365;433;455;477;479;602;617;646;648;661;730;749;750;1122;1194;1235
USMA;39;43;44;46;48;49;51;54;55;63;64;67;68;72;79;90;91;92;146;167;168;182;352;377;378;387;388;398;399;424;425;439;474;516;524;591;608;609;615;631;721;824;837;846;848;855;867;875;908;1009;1010;1079;1080;1225;1233;1248;1257;1309;1334
USMI;38;40;41;42;43;45;46;47;49;50;51;52;53;69;70;71;73;74;75;76;77;78;80;81;82;83;84;85;86;87;88;89;147;151;152;155;167;231;232;233;234;235;236;237;238;239;240;241;242;352;373;385;386;387;388;389;390;635;824;845;875;908;936;1002;1030;1031;1032;1233;1270;1272;1309;1310;1311;1312;1313;1314;1315;1316;1317;1318;1319;1320;1344;1345;1347;1348;1349;1350
UTBC;384;464;471;663;664;672;766;1090
a3;38;65;504;1253;1254
a4;1;2;3;4;5;6;7;8;9;10;11;12;13;14;16;17;18;19;20;22;23;24;25;26;27;28;29;30;31;32;33;34;35;36;37;39;40;41;42;43;44;45;46;47;48;49;50;51;52;53;54;55;56;57;58;59;60;61;62;63;64;66;67;68;69;70;71;72;73;74;75;76;77;78;79;80;81;82;83;84;85;86;87;88;89;90;91;92;93;95;96;97;98;99;100;101;102;103;104;106;107;108;109;110;111;112;113;114;115;116;117;118;119;120;121;122;123;124;125;126;127;128;129;130;131;132;133;134;135;136;137;138;139;140;141;142;143;144;145;146;147;148;149;150;151;152;153;154;155;156;157;158;160;162;163;164;165;166;167;168;169;170;171;173;174;175;176;178;179;180;181;182;183;184;185;186;187;188;189;190;191;192;193;194;195;196;197;198;199;200;201;202;203;204;205;207;208;209;210;211;212;213;214;215;216;217;219;220;221;222;223;224;225;226;227;228;229;230;231;232;233;234;235;236;237;238;239;240;241;242;243;244;245;246;247;248;249;250;251;252;253;254;256;258;259;260;261;262;263;264;265;266;267;268;269;270;271;272;273;274;275;276;277;278;279;280;281;282;283;284;285;286;287;288;289;290;291;292;293;294;296;297;298;299;300;301;302;303;304;305;306;307;308;309;310;311;312;313;314;315;316;317;318;319;320;321;322;323;324;325;326;327;328;329;330;331;332;333;334;335;336;337;338;340;341;342;343;344;345;346;347;348;349;350;351;352;353;354;355;356;357;358;359;360;361;362;363;364;366;367;368;369;370;371;372;373;374;375;376;377;378;379;380;381;382;383;385;386;387;388;389;390;391;392;393;394;395;396;397;398;399;400;401;402;403;404;405;406;409;410;411;412;413;414;415;416;417;418;419;420;421;422;423;424;425;426;427;428;429;431;432;433;434;435;436;437;438;439;440;441;442;443;444;445;446;447;448;449;450;451;452;453;454;455;456;457;458;459;460;461;462;463;464;465;466;467;468;469;470;471;472;473;474;475;476;477;478;479;480;481;482;483;484;485;486;487;488;489;490;491;492;493;494;495;496;497;498;499;500;501;502;503;505;506;507;508;509;510;511;512;513;514;515;516;517;518;519;520;521;522;523;524;525;526;527;528;529;530;531;532;533;534;535;540;541;542;543;544;546;547;548;549;550;551;552;553;554;555;556;558;559;561;562;563;564;565;566;568;569;572;573;574;575;576;577;578;579;580;581;582;583;584;585;586;587;588;589;590;591;592;593;594;595;596;598;599;600;601;602;603;604;605;606;607;608;609;610;611;612;613;614;615;616;617;618;619;620;621;622;623;624;625;626;627;628;629;630;631;632;633;634;635;636;637;638;639;640;641;642;643;644;645;646;647;648;649;650;651;652;653;654;655;657;658;659;660;661;662;663;665;666;667;669;670;671;672;673;674;675;676;677;678;679;680;681;682;683;684;685;686;687;688;689;690;691;692;693;694;695;696;697;698;699;700;701;702;703;704;705;706;707;708;709;710;711;712;714;715;716;717;718;719;720;721;722;723;724;725;726;727;728;729;730;731;732;733;734;735;736;737;738;739;740;741;742;743;744;745;746;747;748;750;751;752;753;754;758;759;760;761;762;764;765;766;767;768;769;770;771;772;773;774;775;776;777;779;780;781;784;785;786;787;788;789;791;792;793;795;796;797;798;799;800;801;802;803;804;805;806;807;808;809;810;811;812;813;814;815;816;817;818;819;820;821;822;823;824;826;827;830;831;832;833;834;835;836;837;838;839;840;841;842;843;844;845;846;847;848;849;850;851;852;854;855;856;857;858;859;861;862;863;864;865;866;867;868;869;870;871;872;873;874;875;876;877;878;879;880;881;882;883;884;885;886;887;888;889;890;891;892;893;894;895;896;897;898;899;901;902;903;904;905;906;907;908;909;910;911;912;913;914;915;916;917;918;919;920;921;922;923;924;925;926;927;928;929;930;931;932;933;934;935;936;937;938;940;941;942;943;944;946;947;948;949;950;951;952;953;954;955;956;957;958;959;960;961;962;963;964;965;966;967;968;969;970;971;972;973;974;975;976;977;978;979;980;981;982;983;984;985;986;987;988;989;990;991;992;993;994;995;996;997;998;999;1000;1001;1002;1003;1004;1005;1006;1007;1008;1009;1010;1011;1012;1013;1014;1015;1016;1017;1018;1019;1020;1021;1022;1023;1024;1025;1026;1027;1028;1029;1030;1031;1032;1033;1034;1035;1036;1037;1038;1039;1040;1042;1043;1044;1045;1046;1047;1048;1049;1050;1051;1052;1053;1054;1055;1056;1057;1058;1059;1061;1062;1063;1064;1065;1066;1067;1068;1069;1070;1071;1072;1073;1074;1075;1076;1077;1078;1079;1080;1081;1082;1083;1084;1085;1086;1087;1089;1091;1092;1093;1094;1095;1096;1097;1098;1099;1100;1101;1102;1103;1104;1105;1106;1107;1108;1109;1110;1111;1112;1113;1114;1115;1116;1117;1118;1119;1120;1121;1122;1123;1124;1125;1126;1127;1128;1129;1130;1131;1132;1133;1134;1135;1136;1137;1138;1139;1140;1141;1142;1143;1144;1145;1146;1147;1148;1149;1150;1151;1152;1153;1154;1155;1156;1157;1158;1159;1160;1161;1162;1163;1164;1165;1166;1167;1168;1169;1170;1171;1172;1173;1174;1175;1176;1177;1178;1179;1180;1181;1182;1183;1184;1185;1186;1187;1188;1189;1190;1191;1192;1193;1194;1195;1196;1197;1198;1199;1200;1201;1202;1205;1206;1207;1208;1209;1210;1211;1213;1214;1215;1216;1217;1218;1219;1220;1221;1222;1223;1224;1225;1226;1227;1228;1229;1230;1231;1232;1233;1234;1235;1236;1237;1238;1239;1240;1241;1242;1243;1244;1245;1246;1247;1248;1249;1250;1251;1252;1255;1256;1257;1258;1259;1260;1261;1262;1263;1264;1265;1266;1267;1268;1269;1270;1271;1272;1273;1274;1275;1276;1277;1278;1279;1280;1281;1282;1283;1284;1285;1286;1287;1288;1289;1290;1291;1292;1293;1294;1295;1296;1297;1298;1299;1300;1301;1302;1303;1304;1305;1306;1307;1308;1309;1310;1311;1312;1313;1314;1315;1316;1317;1318;1319;1320;1321;1323;1324;1325;1326;1327;1328;1329;1330;1331;1332;1333;1334;1335;1336;1337;1338;1339;1340;1341;1343;1344;1345;1346;1347;1348;1349;1350
a5;15;21;94;105;159;161;172;177;206;218;255;257;295;339;365;384;407;408;430;536;537;538;539;545;557;560;567;570;571;597;656;664;668;713;749;755;757;763;778;782;783;790;794;825;828;829;853;860;900;939;945;1041;1060;1088;1090;1203;1204;1212;1322;1342
aas;1224;1324
abajo;381
abdomen;1252
abdominal;466;670;925
abierta;411
aborto;395
abr;1264
abreviada;88
abreviado;598
abreviado ;148
abrir;441
acceso;228
accidente;498
accu-chek;857
aceites;1278
aceptacion;1282
aceve;39
acido;955
acidos;958;1286
acidosis;1294
acordo terapéutico;457;876
act;494;494
activa;866
actuacion;878
actual;242;369
acuerdo;876
acumetrico;414
adahpo;1312
adalimumab;878
adaptacion;1047
adaptada;826
addenbrooke;39
adecuación peritoneal;511
adeslas;710;711;1004
administracion;358;992;1094;1108
adn;1184
ados;69
adrenalina;26;1239
afap;1009
aferesis;1077
agam;1182
agricultura;127
aguja;856
aines;134;283;894
air;1065
alcon;35
alergeno;481
alergenos;128
alergia;115;284;349;1195;1221
alergicas;888
alergologia;125;540;561
alergoloxia;37
alerxias;593;1085;1127;1128;1146
alfa;951
algo;757
aliento;691;844
alimentacion;604;605;606;826
alimento;897
alimentos;107;116;445;907
als;175
alsfrs;175
alta;171;335;370;398;452;501;512;553;569;682;701;708;740;798;902;943;988;1013;1086;1173;1237;1297;1323
alteracion;103
alto;927
altura;171
alumno;236
alzheimer;103;1009
amado;1318
amarillo;2;21;88;99;150;183;213;219;343;367;417;705;724
ambas;6;10;32;34;36;91;104;172;185;186;187;195;200;205;209;219;220;221;229;230;243;252;256;258;260;268;272;273;274;276;287;290;291;309;310;311;312;313;314;315;331;332;334;335;336;337;341;346;352;356;360;361;364;371;389;393;394;397;401;416;423;424;425;449;452;454;456;462;466;473;491;492;497;501;506;509;510;529;530;531;532;535;536;537;538;539;542;543;548;552;560;569;581;591;593;598;607;614;676;677;678;679;680;681;682;683;684;685;686;689;690;692;694;695;697;698;699;700;701;702;703;704;705;706;708;709;710;714;728;773;786;796;804;807;868;872;874;875;889;908;920;935;937;939;940;944;949;953;962;964;970;974;975;976;977;978;979;980;981;982;985;986;987;1002;1003;1004;1011;1014;1017;1026;1050;1051;1058;1096;1098;1103;1104;1109;1110;1112;1139;1150;1151;1153;1160;1165;1168;1171;1172;1206;1210;1225;1230;1242;1245;1251;1252;1257;1294;1339;1340;1341
ambulatoria;123;190;191;223
ambulatory;623
amencer;994;1025
america;1015
aminoacidos;860
amitriptilina;751
amniocentesis;577
amniotica;1036
amniotico;832
amoxicilina;329;1195
amplificcion;539
analgesia;342;1121
analgesico;665;1093
analisis;34;106;187;222;299;336;397;844;968;970;1071;1110;1116;1296;1328
analogica;904
analysis;1053
analyzer;630
anamnese;153;153;633;847
anamnese (cuestionario);74;75;83;88;95;96;100;141;142;143;144;145;147;148;149;151;152;164;180;181;333;441;494;515;516;566;787;810;880;905;1049;1166;1167;1197
anamnese (escala);85;146;155;421;434;674;904
anamnese (protocolo vértigo);150;338
anamnese (protocolo);547;624
anamnese (test);241
anamnesis;418;990;1094
anatomapotologico;1096
anatomia;298;396;423;426;686;703;934;950;1003
anatomo;703
anatomopatologico;934;987;1003;1038;1175;1333
ancianos;768
andimed;269
androgenos;1137
anduriña;399
anejos;990
anest;847
anest-data;847
anestdata;847
anestesia;197;244;278;556;651;803;1125;1253
anestesica;1260
anestesicos;118;1325;1336
anestesiologia;1129;1130;1132
aneuploidia;1064
aneuploidias;832
anexo;149;795;1230
anexo 1;17
anexo 5;184
anexo v;2
anexos;1119
angiografia;865
angioplastia;228
animales;1344
ano-rectal;442
anos;1243
anotacion;43;45;50;87;89;1031;1032
antecedentes;741;940;1016
anterior;1053
antes;26
anti;1209
anticuerpos;769
antifungicos;723
antihepatite;1189
antipsicoticos;524
anulacion;245
anulación intervención;245
anx;72
anxiografía;159;161;865
análises clínicas;172;243;1071;1135
análises clínicas centro externo;222;273;336;578;688;692;694;696;769;833;951;952;955;956;957;958;960;962;963;970;971;981;1035;1110;1139;1160;1161;1177;1193;1209;1223;1240;1280;1286;1291;1295;1296;1303;1304;1335
análisis;34
apendice;790
aplv;137;138
apnealink;1141
apneas;515
aptitudes;1345
ar-610;218
arabe;868;1165
aritmetica;44
arriaza;662
arritmias;752
arterial;172;1150;1190
asa;1239
asepeyo;1056
asesoramiento;513
asistencia;314;690;807;902;913;1229
asistolia;921
asociacion;250;1182;1312
asociados;595;662;938
aspace;994
asperger;1272
aspirado;601;1196
ast;960
asthma;494
asuncion;707
atencion;47;287;941;994;1255
atendido;463
atracurio;1118
attention;631
atumatic;571
audiencia;875
audiogram;526;527;1339
audiologia;446
audiometria;414;1037
audiometría;216;414;446;526;527;720;1037;1134;1339
auditivo;757
auditivos;983
augusto;950
autoevaluativo;77
automaticos;1320
autorizacion;415;417;460;722;863;922;1057;1184
autorizo;503;619;1164
autorretrato;378
autorrexistro;436;445;627;907;1194
autoset;203;355
avaliacion;936
avances;52;1309
avanza;106
ave;1105
axcer;102
axial;533
az;93
azul;38;41;50;57;157;188;195;196;197;206;216;232;240;242;244;252;253;260;287;315;341;346;351;453;456;462;585;590;625;652;676;727;731;741;760;786;879;1051;1085;1088;1089;1111;1143;1144;1158;1191;1204;1218;1228;1249;1261;1289;1321;1334;1348
bacilifera;672
bacteriologia;688
bacteriologicos;1110
balance;800
ballesol;510;944
bama;1050
banco;458;611;1298
bandin;962;963;1177
barcelona;49;67;1233
barreiro;1316
barthel;157
bartholin;643
basdai;162;163
basica;430;431
basicos;779
bateria;8;107;116;127;131;134;407;482;484;486;487;488;489;782;885;887;891;892;894;1203;1213
bateria urticaria;8
baterias;1215
baxter;511
baño;629
bcg;14;750
bcm;603
bebidas;445;907
benton;608
beta;833
betalactamicos;117;882
betula;37
bevacizumab;292
bigotito;96
bilateral;975
biliares;958
bio-logic;1052
biofeedback;448
biologia;382
biologico;1232
biometria;809;819
biometría óptica;35;366;450;809;819
biopsia;426;601;620;648;915;1234;1239;1327
biopsias;1038
bioquimica;692;951;952;954;955;957;958;960;963;970;1083;1276;1286;1296
bioquimico;814
biotronik;557
biquimica;299
birchwood;146
bishop;174;821
bit;42
blood;623
board;20
body;603
bolsas;653
borg;434
boso;589;1287
boston;1178;1315
bote;441
branch;1273
breast;817
breve;71
bridion;1042
brief;631
brightness;989
brilat;471
broncoscopia;478
broncoscopias;262
bronquial;886;1199
brunet;53;76
bupivacaina;1244
busqueda;73;867
c2;748
c60;504
ca431;1251
ca631;1252
cabeza-cuello;170
cad;298;854;1006
cadarso;1202
cadeas;617
cadeira;1146
caderas;980
caja;17
calamar;135
calculo;809
caldas;189
caldas de reis;189
calendario;627
calidad;905
calificacion;1055
cama;593;1085
camara;1203
cambados;1252
cambio;725;1232
camcog;60
campimetría;32;34;36;187;454;796
campimetría centro externo;1202
campo;34;161;187;454;796
campo unico;34
cancer;762;817
cancro;1111
candelaria;1044
cannabis;1035
capacidad;1034
capacidade;256
capsula;225
capsuloendoscopia;555
caracteristicas;231
carboximaltosa;850;1028
cardiacas;912;947
cardiaco;853;858;1027;1044
cardiologia;285;289;325;596;733;946;1006;1044
cardiologica;280
cardioloxia;752
cardiosmart;311
cardiosoft;1072
cardiotocografía;295
cariotipo;271;785;953;954;966;1115
cariotipo centro externo;271;785;834;953;954;966;1115
carl;628
carnes;107;136
casa;1176;1210
castrelos;1292;1323
castro;1007;1008
cateter;1259
cateteres;228;1256
cateterismo;443;468;858;1027;1044
cavidad;100;1207
cavidades;673
cavum;1147
cd117;204
cd19;204
cd56;204
cefalico;1092
ceip;1311
centro;234;464;491;592;710;839;929;940;1009;1153;1157;1319
centros;402
cep;936
cerba;578;785;951;952;953;954;955;956;957;958;1179;1209;1240;1280;1286;1291
cerebral;683;929
cerradas;653
certificado;836;1271
cervical;291;821;979;1148
cesarea;344;576;1136
ceto;1294
ceto-acidosis;1294
cetoacidosis;1212
cetonas;1212
cfaan;20
change;293
chart;173
chat;147
checklist cirúrxico;193;1128;1145;1299
chequeo;1220
chino;831
chop;493
chus;1328
ciclo;1063
ciclosporina;1106
ciego;1224
cierre;591
cinco;87
circometria;350
circometría;350
circulo;167;237
circulos;48;237
cirugia;123;190;223;411;413;650;780;910;1124;1140
cirurxia;621;774
cirurxica;447;1255
cirurxico;1127
citologia;269;275;423;686;965
citologico;276;396;403
citometría;169;204
citostaticos;28
citostáticos;28
civi;948
civil;361;456
civiles;1274
cl-200;257
clarke;1049
clave;90
clavulanico;898
clinic;675
clinica;99;154;178;232;249;275;289;354;367;398;517;662;675;728;741;744;830;923;1005;1068;1192;1202;1251;1300;1318;1323
clinicas;737;1006
clinico;186;701;764;802;842;855;874;923;924;986;1006;1013;1080;1237;1248;1300
clinicos;222;299;336;397;968;970;1071;1110
clorhidrato;1118
cloro;637
cloruro;1220
close;165;166
cma;1145;1253;1260
coadyuvante;1102
cocaina;1035
code;932
codo;1012
cof;758
cognicion;1245
cognitivas;1233
cognitive;39;609
cognoscitivo;54;63;474
coherencia;419
coiados;4
coidados;7;313;453
colas;482
colecistostomia;1070
colesterol;1135
colonoscopia;347;639;693;1039;1111;1121;1341
color;412;594
colorrectal;1111;1121
columna;291;979
comida;157;445;907
como;516
company;263
comparacion;302
compartir ;151
compasivo;524;1219
compass;202
competencias;1270
completo;454
complexo;391
componentes;793
composition;603
compostela;275;391;914
comprension;79
comunicacion;322
comunicactivo;147
concentraciones;124
condesa;316
conector;1203
confidencial;239;1314
confirmacion;917
conform;653
confort;1245
conjunto;1072
conners;85;936
conocimiento;721;824
conocimientos;100;761
conselleria;386
consenso;270
consentimento;522;804;822
consentimento informado;66;196;210;214;215;217;248;252;253;254;255;267;270;278;292;294;306;307;318;319;320;395;406;411;413;415;422;433;435;455;460;463;465;478;500;502;508;513;522;525;549;552;556;567;576;577;601;602;618;620;621;622;639;640;641;642;643;644;645;646;647;648;649;650;651;652;654;655;656;738;742;767;770;774;780;788;792;803;804;807;808;812;813;814;822;831;840;863;864;868;870;871;873;878;906;914;916;922;995;998;1001;1024;1028;1050;1057;1058;1073;1074;1075;1106;1111;1120;1121;1122;1123;1124;1125;1126;1136;1138;1140;1155;1163;1165;1183;1191;1196;1198;1221;1222;1229;1234;1263;1265;1279;1284;1343
consentimiento;66;196;210;215;217;248;267;294;318;395;411;413;435;455;465;478;500;502;508;525;576;577;602;618;620;621;622;639;640;641;642;643;644;645;646;647;648;649;650;651;654;655;656;738;767;770;774;788;792;803;807;808;831;840;864;870;871;873;995;998;1024;1050;1058;1073;1074;1075;1097;1111;1120;1121;1122;1123;1124;1125;1126;1136;1138;1140;1165;1181;1186;1196;1198;1221;1222;1229;1234;1265;1279;1343
conservadora;413
consinte;552;1155
consorcio;1153;1159
constant;861;1059
constitucional;954
consulta;231;346;710;760
consultas;838;861
contacto;766
contencion;376
contencioso;424
contenido;72
conteo;1320
conteste;516
continuidad;876;911;928
continuidade;4;453
continuous;166
contrast;989
contraste;1094;1108;1284
contrastes;130;353
control;141;156;494;566;596;665;808;826;1093;1256;1275;1301
controlada;1267
controles;915;1114;1119
conxuntival;1000
cook;1273
cor;175
cordectomia;415
cordon;611;1298
cornea;630;1078
corneas;458
coronarias;1277
corporal;177
corte;512
corticoides;124;888;1326
cpap;141;566;802
cpr;40;1002
cpre;247;296;480;738;1307;1307;1307
craneal;978
craneo;1015
cranial;1243
crdiologia;926
creatinine;102
crecemento;1243
crecimiento;518
cribado;272;731;757;812;813;871;920;1162;1163
cribaxe prenatal;299;575;689;731
cribaxe prenatal centro externo;272;274;695;697;832;920;968;1064;1151;1162;1217;1246
criterios;80
criticos;553
cromosoma;1246
cromosomicos;966
cromosomopatias;812;813;871;1163
cronicas;1023
cruz;705
ct;268;681
cuadernillo;43;50;89;1031;1344
cuaderno;45
cuadrado;237
cuadrados;48;237
cuadrante;749
cuadro;8;76;321;325;436;445;821;856;907;972;1114;1194;1195;1224
cuadrícula;3;4;10;12;16;18;21;22;24;26;29;30;35;37;42;43;44;45;50;51;56;57;67;68;94;95;98;101;107;108;109;110;111;112;113;114;115;116;117;118;119;120;124;125;126;127;128;129;130;131;132;133;134;135;136;137;140;146;162;164;165;178;179;182;188;226;229;246;296;334;341;356;366;376;379;481;540;554;559;596;600;667;669;674;676;734;765;777;781;800;826;857;860;886;887;888;890;891;892;893;894;896;897;899;901;905;918;930;936;992;1043;1051;1083;1085;1102;1113;1118;1152;1154;1156;1159;1170;1197;1199;1201;1212;1213;1215;1216;1220;1230;1238;1239;1241;1243;1244;1253;1256;1268;1275;1288;1293;1301;1306;1324;1326;1327;1349
cualidades;1347
cuantificacion;637
cuatro años;71
cube;293;1053;1095
cuello;910;977
cuento;83
cuerpo;154
cuestionario;50;74;143;145;147;400;459;761;790;905;1022;1022;1049;1197;1270;1272;1272;1347;1347;1349;1349
cuidados;190;296;321;409;437;443;753;909;911;928;1070;1327
cultural;760
cumanes;41;50;1031
cumanin;81;84
cumprimente;320;463
current;511
curso;186;842;1180
curso clinico;186
curva;284;349;545
curves;102
cutanea;620;1269
cutaneas;111;112;117;118;121;122;124;126;130;132;283;600;882;1244
cutaneo;1306
cutaneos;573;1326
cyl;1105
cynodon;37
cystistat;12;16
d1;143
d2;1348
dapa;1340
dash;1197
data;526;786;847;851;1287;1339
datos;252;261;322;369;1277
datospir;749;825
daño;929
debut;559
declaracion;1180
deficit;80;1312
definicion;96
definition;288
definitiva;988;1297
defuncion;585
delta;951
dematologia;789
dementia;439
demostracion;38
demostración;38
densitometria;220
densitometría centro externo;220
dentista;887
departamento;40;92;389;390;1002
deposito;1276
depot;29
deputacion;1314
derecha;104;1060;1134
derecho;216;450
derivacion;40;340;771;820;1104;1153;1157;1230
derivaciones;538
dermatologia;404;629
dermatologica;1097
dermatologo;567
dermofarmacia;1213
desamparados;768
desarrollo;147
desayuno;25
descripcion;1001
desensibilizacion;183;184;561;658;890;901;1324
desensibilización;183;184;561;658;890;901
desnsibilizacion;890
desoxicortisol;951
despierto;1076
despistaje;142
destinatario;94
detallado;1236
detalles;849;849
deteccion;454;762;796
determinacion;973
device;1273
dexdor;1331
deza;275
dia;402;726;765;771;1009;1069;1153;1157
diabetica;1212;1294
diabeticas;1114;1119
diabetico;559
diacopevi;874
diagnostic;469
diagnostica;462;642;1123
diagnostico;21;114;150;207;468;554;557;593;689;718;784;1020;1085;1174;1349
diagnóstico;21
dialisis;100;761;940;1011;1330
diaria;341;879
diario;857;1043
diaverum;940;945;1011
dibujo;38;47;48;70;78;83;86;104;105;154;167;198;237;378;404;410;591;609;629;670;783;1023;1198;1225;1273
dieta;593;1085
dificultades;1347
digestivas;1211
digestivo;209;647;1307;1308
digital;865
digitos;51;87
digoxina;838
diligencias;425
diluciones;156
diodo;460
dioptrias;533
dipper;999
discapacidade;836
disfagia;142;181
disfemia;1174
disfonia;880;1174
dispensacion;610;723
dispositivo;713;868;1178;1222
distal;982
distrofia;784;835
diu;868
diuresis;1301
diurna;515
divina;1104;1154
dixestivo;266
dob;519;521
doble;1220
doctor;276
documentación;1;2;3;4;5;8;9;11;12;13;14;15;16;17;18;19;20;21;22;23;25;26;27;28;29;30;31;33;35;37;38;39;40;41;42;43;44;45;46;47;48;49;50;51;52;53;54;55;56;57;58;59;60;61;62;63;64;65;66;67;68;69;70;71;72;73;74;75;76;77;78;79;80;81;82;83;84;85;86;87;88;89;90;92;93;94;95;96;97;98;99;100;101;102;103;105;106;107;108;109;110;111;112;113;114;115;116;117;118;119;120;121;122;123;124;125;126;127;128;129;130;131;132;133;134;135;136;137;138;139;140;141;142;143;144;145;146;147;148;149;150;151;152;153;154;155;156;157;158;159;160;161;162;163;164;165;166;167;168;169;170;171;173;174;175;176;177;178;179;180;181;182;183;184;188;189;190;191;192;193;194;196;197;198;199;201;202;203;204;206;207;208;210;211;212;213;214;215;216;217;218;222;223;224;225;226;227;228;231;232;233;234;235;236;237;238;239;240;241;242;244;245;246;247;248;249;250;251;253;254;255;257;259;261;262;263;264;265;266;267;269;270;271;275;277;278;279;280;281;282;283;284;285;286;288;289;292;293;294;295;296;297;298;299;300;301;302;303;304;305;306;307;308;316;317;318;319;320;321;322;323;324;325;326;327;328;329;330;333;338;339;340;342;343;344;345;347;348;349;350;351;353;354;355;357;358;363;365;366;367;368;369;370;373;374;375;376;377;378;379;380;381;382;383;384;385;386;387;388;390;391;392;395;396;398;399;400;402;403;404;405;406;407;408;409;410;411;412;413;414;415;417;418;419;420;421;422;426;427;428;429;430;431;432;433;434;435;436;437;438;439;440;441;442;443;444;445;446;447;448;450;451;453;455;457;458;459;460;461;463;464;465;467;468;469;470;471;472;474;475;476;477;478;479;480;481;482;483;484;485;486;487;488;489;490;494;496;498;499;500;502;503;504;505;507;508;511;512;513;514;515;516;517;518;519;520;521;522;523;524;525;526;527;528;533;534;540;541;544;545;546;547;549;550;551;553;554;555;556;557;558;559;561;562;563;564;565;566;567;568;570;571;572;573;574;575;576;577;578;579;580;583;584;585;586;587;589;590;592;594;596;597;599;600;601;602;603;604;605;606;608;609;610;611;612;615;616;617;618;619;620;621;622;623;624;625;626;627;628;629;630;631;632;633;634;635;636;637;638;639;640;641;642;643;644;645;646;647;648;649;650;651;652;653;654;655;656;657;658;659;660;661;662;663;664;665;666;667;668;669;670;671;672;673;674;675;687;688;691;693;696;712;713;717;718;719;720;721;722;723;724;725;726;727;729;730;731;732;733;734;735;736;737;738;739;740;741;742;743;744;745;746;747;748;749;750;751;752;753;754;755;757;758;759;760;761;762;763;764;765;766;767;768;769;770;771;772;774;775;776;777;778;779;780;781;782;783;784;785;787;788;789;790;791;792;793;794;795;797;798;799;800;801;802;810;816;817;818;821;822;823;824;825;826;827;828;829;830;831;832;833;834;835;836;837;838;839;840;841;842;843;844;845;846;847;848;849;850;851;852;853;854;855;856;857;858;859;860;861;862;863;865;866;867;873;876;877;878;879;880;881;882;883;884;885;886;887;888;890;891;892;893;894;895;896;897;898;899;900;901;902;903;904;905;906;907;909;910;911;912;913;914;915;916;917;918;919;921;922;923;924;925;926;927;928;929;930;931;932;933;934;936;943;946;947;948;950;951;952;954;955;956;957;958;959;960;961;963;965;966;967;968;969;971;972;973;983;984;988;989;990;991;992;993;994;995;996;997;998;999;1000;1001;1005;1006;1007;1008;1009;1010;1012;1013;1015;1016;1018;1019;1020;1021;1022;1023;1024;1025;1027;1028;1029;1030;1031;1032;1033;1034;1035;1036;1037;1038;1039;1040;1041;1042;1043;1044;1045;1046;1047;1048;1049;1052;1053;1054;1055;1056;1057;1059;1060;1061;1062;1063;1064;1065;1066;1067;1068;1069;1070;1071;1072;1073;1074;1075;1076;1077;1078;1079;1080;1081;1090;1091;1092;1093;1095;1097;1111;1113;1114;1115;1116;1117;1118;1119;1120;1121;1122;1123;1124;1125;1126;1134;1135;1136;1137;1138;1140;1141;1142;1143;1144;1147;1148;1149;1166;1167;1173;1174;1175;1176;1177;1178;1179;1180;1181;1182;1183;1191;1192;1193;1194;1195;1196;1197;1198;1199;1200;1201;1202;1203;1204;1205;1207;1208;1209;1211;1212;1213;1214;1215;1216;1217;1218;1219;1220;1221;1222;1223;1224;1231;1232;1233;1234;1235;1236;1237;1238;1239;1240;1241;1243;1244;1246;1247;1248;1249;1250;1263;1264;1265;1266;1267;1268;1269;1270;1271;1272;1273;1274;1275;1276;1277;1278;1279;1280;1281;1282;1283;1284;1285;1286;1287;1288;1289;1290;1291;1292;1293;1295;1296;1297;1298;1299;1300;1301;1302;1303;1304;1305;1306;1307;1308;1309;1310;1311;1312;1313;1314;1315;1316;1317;1318;1319;1320;1321;1322;1323;1324;1325;1326;1327;1328;1329;1330;1331;1332;1333;1334;1335;1336;1337;1338;1343;1344;1345;1346;1347;1348;1349;1350
documentación legal;352;377;424;425;598;721;746;824;836;875;908;1055;1274
documento;415;807;863;906;922;1075;1087;1185;1187;1189;1234
documento alta voluntaria;452;501;708;798;902;1086
documento centro externo;373;399;520
documento non clasificado;362;839;938
dolor;154;674;904;925;1059
domicilario;743
domiciliaria;265;588
domicilio;22
dominguez;268;273;290;291;335;374;375;416;466;677;678;679;680;681;682;683;684;685;686;687;688;689;690;691;692;693;694;974;975;976;977;978;980;981;982;983;984;985;986;987;988;1005;1026;1027;1139;1147;1148;1172;1175;1238;1297;1333;1335;1341
donada;1282;1283
dool;900
doppler;684
dorsal;290
dosificacion;997;1331
dosis;135;671;777;907
down;520;862
dp;528;761
dp-gram;528
dqol;900
dtsq;459;790
duodenoscopia;267
durante;152
dxa;220
eartip;469
eat;142;181
eb10;458
ecg;309;310;311;493;530;531;532;535;536;537;538;539;543;560;570;806;872;921;939;1250;1302;1338
ecg centro externo;1065
echevarne;274;423;695;696;697;834;959;960;1304
eco;684;869
eco-stress;300;302;534;616;626;1068
ecocardiografico;673
ecocardiografía;289;673;733;912;946;947
ecocardiograma;616;733;912;946;947
ecoendoscopia;1198;1308;1308
ecografia;297;317;371;466;975;1180;1247
ecografico;270;712;808
ecografía;297;368;628;869;1100
ecografía centro externo;371;466;684;712;975;1247;1251;1252
ecv;1340
edad;1205;1205
educacion;1
eeg;512;700;700;1200;1329
effecta;557
egb;1186
ehdvk;1185
eiruga;1346
eje;94;366
ela;545
elaboracion;83
elaborado;901
elaview;545
electrocoagulacion;998
electrodos;18
electroencefalografico;1200;1329
electrofisiologia;1067
electrofisiologico;1067
elementos;867
emav;38;47
embarazadas;935
embarazo;270;457;808;814;862;1089
embarazos;840;1100
embla;202
emergencias;728
emerxencias;361
emetropia;809
emg;332;332;662;675;744;748;748;851;856;856;1192;1192
emisións otoacústicas;528;1052
emissions;1052
empleados;600
emulgetes;1213
encuesta;1093
endocrinologia;1303
endoproctos;1211
endoscopia;266;277;347;1039;1307;1308;1341
endoscopia dixestiva alta;266;277
endoscopia dixestiva alta centro externo;679
endoscopia dixestiva baixa;347
endoscopia dixestiva baixa centro externo;693;1039;1211;1341
endoscopias;209;473;1211
endoscopica;225;738;780
endoscopico;247;480
endovesical;11;13;14
enero;800
enfermeira;1321
enfermeria;192;195;209;219;224;226;260;262;280;321;325;541;614;752;1104;1133;1245;1255
enfermo;625
engracia;1317
enlace;1127
enteroscopia;555
entiendo;567
entrar;464
entrevista;1127;1133
envase;1283
enviada;5;304
epicutaneas;481;484;487;488;489;883;884;887;891;892;894;1213;1215;1268;1278
epidural;342;1259
episodio;881;1056
episodios;595;938
epworth;97;400
equipo;1055
equis;38
ergometria;279;307
ergometría;279;281;301;308
erivedge;513
errores;1350
escala;47;57;71;89;97;421;434;674;904;936;1345
escala constante;861;1059
escala ela;175
escala epworth;97;400
escala riesgo glaucoma;165;166
escala valoración funcional;162;163
escalas;81;85;155;1345
esclerose;383;666
escolar;238;385;386
escolaridad;67
escritura;241
esenciales;1278
esferico;94
esfuerzo;279;281;301;307;308;626;899
esofagica;440
español;900
española;164;705;1197
especalidade;1086
especiais;219;655
especiales;106;280
especialidad;670
especialidade;1051
especialidades;46
especializada;1218
especifica;299
espera;2;213;805;1258;1261
espirado;827
espiral;104;105
espirometria;264;899;1037;1267
espirometría;65;261;264;284;349;464;470;749;811;825
espontaneo;395
esqueleto;1023
esquema;53;935;1169
estabilidad;1046;1305
estadisticas;203
estado;407;408;544;782
estado cognitivo;59
estado mental;58;62
estamatologia;641
estandar;119
estatal;929
estatura;634;1190
esteroles;1280
estimado;1182
estomago;869
estomatologia;465
estomatologo;668
estres;616
estudio;392;485;507;673;735;744;835;850;903;916;1012;1067;1113;1117;1137;1214;1244;1293;1325;1336
estudios;232;966;967
estudo citoxenético;393;394;1117;1328
estudo citoxenético centro externo;176;392;507;784;823;835;932;959;991;1116;1137;1214
estudo hta-ampa mapa;259;589;623;999;1076;1150;1287
estudo sono;202;263;759;1141
estudo sono (autoset);203
estudo sono (enquisa);355
estudo sono centro externo;374;375;420;687;984;1231
european;20
eutocito;344
ev;1250
evaluacion;85;96;155;547;589;624;795;1022;1092
eventracion;411
evocados;983
evoked;405
evolucion;195;260;369;625;1011;1334
evolutiva;1270
evolutivo;99;186;231;232;240;242;367;369;387;418;517;562;574;615;617;625;633;724;741;758;760;830;842;990;1023;1206;1272;1334
evolutivo enfermaría;195;260;1256
exam;775
examen;62;63;755;856
examen cognitivo;60
examinador;1264
examination;39;59
exercise;1068
exeresis;318;622
exon;675
exp;854
exploracion;49;178;232;252;253;255;418;652;1016;1201
exploraciones;712
expongo;862
exposicion;1267
externas;861
extraccion;668
f-responses;851
f2;528
factor;1291
factors;165;166
factory;1251
facultade;1313
familiar;75;152;758;839
familiares;741
farmacia;22;610;789;838;860;1042;1227
farmaco;140;483;1195;1293
farmacocinética;751;1337
farmacologico;246;334;930
farmacos;600;789
farmacoterapeutica;676;1112;1238
fastpath;429;632
fatima;739;772;816;818;1013
fc;310;537;638;1152
fe;1188
fecha;777;860
felicidad;151
fellow;20
femur;982
ferriman;1091
ferroterapia;777
fetal;173;1184;1275
ff1;1134
ff2;1134
fibrinolisis;1216
fibroscan;755;755;828;828;829;829
ficha;22;734;944;1066;1226
ficha rehabilitación;188;514;727;877;1051
figura;154
figuras;38;43;670
filiacion;231;1211
filtro;539
filtros;892
fin;859
financiador;1007
fingolimod;179
firmante;381
fiscalia;352;875;908;1274
fish;1116
fisica;188;514;727;877
fisioterapia;15;46;1025;1051
fisium;15;1204;1322;1332
fisoterapeutico;768
fiv;1063
flebotomias;765
flow;65
fluidez;69
flujo;282;284;349;365;477;730
flujometrico;479
fluorescencia;1116
fluxometría;282;365;477;479;730;1235
folla;2;200;209;213;219;230;262;351;359;462;495;553;805;1028;1088;1159;1218;1228;1258;1261
folla 061;314;315;361;456;705;714;728;937;1109;1170
folla autorización;417;503;619;722;743;795;859;1097;1164;1180;1184;1276
folla de traslado;230;337;462;548;553;874;935;1103;1169;1210;1230
folla enfermaría circulante;192;357;568;1255
folla inclusión le;213;251;805
folstein;57
form;631
formulario;376;406;457;840;1183
forzada;264
fosfatasa;960
foto;106;158;159;160;277;288;329;368;555;594;628;660;776;827;843;1053;1251;1252
fotoalergenos;487
fotografia;1097
fotograficas;417
fotoparches;891
fotos;91
fototest;91;404;629
fototipo;404
fqw;295
francisco;1002
frases;74
frecuencia;512
frecuencias;430;431
freestyle;1043;1048;1069
fremap;1018;1033
frequency;528
frio;114;893
frontal;168
frotis;403
frs;72
frutas;107;133
frutos;129
fumador;634
funcion;430;431;912;947
funcionais;440;444;448
fundacion;315;394;709;843
fur;1100
fv;881
fvc;464;811;825
gaa;972;1241
gaias;737;744;1006
galaria;1183
galicia;382;394;471;706;1271;1298
gallego;729;965
gallwey;1091
gamma;1304
gammagrafia;739
gammagrafico;773
gammagrafía centro externo;739;773
ganglionar;248
gasometricos;1102
gastroscopia;277;679
gds;439
gelme;316
gems;309
gen;1137
gender;519
generador;161;895
general;93;669
generales;718
genetica;577;959;1276
genetico;272;392;507;823;835;991;1117;1214
genetics;507
genomicos;967
genotipo;1328
geriatros;1101;1171
gerontologica;1176;1210
gestacion;583;584;1064
gestacional;1173
gestantes;1114;1119
gesto;837
gilenya;179
ginecologia;344;1302
ginecologica;758;830;1123
glandula;643
glaucoma;667
glicosilada;973
global;149
globular;1240
glucemia;1152
glucemicos;1114;1119
glucosa;860;1043;1048;1069;1212;1240;1303
gomez;1054
gota;135
gr;1340
graduacion;93
grafica;341;590;879
graficas;261;1290
gram;528
grao;836
grasa;177
grasos;958
graves;567
graxa corporal;177
group;782;945
grove;389
growing;1291
growth;173
grupo;927
gráfica;879
gráfico;32;33;34;36;65;72;82;84;89;102;143;156;169;171;173;175;187;204;209;258;261;264;282;284;309;310;311;330;339;365;402;405;444;454;458;464;477;479;504;512;518;519;521;523;528;530;531;533;537;571;603;617;623;630;657;748;749;775;786;809;817;848;849;851;852;898;921;989;993;999;1037;1040;1048;1060;1072;1095;1134;1142;1143;1144;1150;1190;1202;1205;1208;1235;1248;1249;1250;1257;1264;1289;1290;1302;1305;1338;1339
gs;445
gsa;748
gsi;339
guia;919
habilidad;441
habitual;37
habituales;915;1215
hado;22;734
hallazgos;744
handicap;148
haplotipo;1179
haq;164
harmony;1246
health;164;932
healthcare;1100
hearlscreen;536
heidelberg;775;776
helicobacter;844
hellige;311;560;939
hematies;5;304;781;797;1077;1139
hematologia;273;601;696;718;764;765;781;903;962;1160;1196;1227;1237
hematoloxia;923;1084
hemoderivado;529;1084
hemoderivados;610;1138
hemodialisis;590
hemodinamica;224;541
hemodinamico;212
hemodinámica-outros procesos diag. e terapéuticos;1027;1044
hemodiálise;590
hemoglobina;973
hemograma;696;717;1083
hemostasia;1120
hemoterapia;601;903;1196;1237
hendidura;1078
heparina;110
heparinas;110
hepatica;915;1234;1327
hermal;482;486
hermanitas;768
hexosaminidasa;833
hibridacion;1116
hidrogeno;827
hierro;850;1188;1227;1242
high;288
himenopteros;111
hiperactividad;80;1312
hipersensibiliad;1113
hipersensibilidad;483;485;735;1293
hipoglucemias;1049
hipotese;230;462
hirsutismo;96
histerectomia;831
histerosalpingografia;818
histerosalpingografía centro externo;818
histeroscopia;642
historia;75;99;152;240;343;367;369;417;517;633;717;719;724;728;741;758;830
historia obstétrica;343;345;1254
historial;707
historietas;79
hiv;503
hla;1179
hogar;707
hoja;1;87;146;174;182;247;290;292;296;321;346;379;480;625;676;678;793;812;813;866;909;916;1023;1032;1057;1094;1112;1163;1220;1230;1238;1277;1327
holter;285;286;1072
holter ecg;285;286;1072
hombro;1059
homoinjerto;917
hongos;112
hora;326;1152
horas;551
horizontal;3;15;21;26;30;38;70;82;85;86;105;155;159;161;206;255;295;300;302;310;311;312;330;341;342;407;409;445;446;458;459;493;504;512;519;523;530;531;534;535;536;537;538;539;543;560;567;570;587;626;638;656;657;664;665;668;674;713;736;776;778;790;799;801;806;841;860;879;900;907;921;925;936;939;945;996;1036;1041;1043;1050;1060;1065;1072;1085;1088;1090;1102;1154;1156;1204;1212;1235;1236;1239;1243;1251;1252;1253;1322;1338;1342
hormona;1209
hormonas;981;1295
hortega;420
hospital;158;160;581;594;717;726;765;771
hospitalaria;740;1101
hpv;967
huevo;113;116;183;896;901
humano;154;410;629;670
humira;27
ictus;1216
idade;786;1144;1208;1249;1289
identity;429
idiopatico;350
idis;1181
ies;92
ige;138
igenomix;991;1151
igfbp;952;1291
ileoscopia;639
iliaca;159
imagenes;417
imagenet;843
images;288
imaxe;912;946;947;1020
imc;634
impedancias;849
impedanciometría;603
implante;849;917;1271
impulso;1092
impulsos;895
inadaptacion;845
inadvertidas;1049
incapacidad;875;908;1274
incapacidades;352;1274
incidente;498
inclan;401;1017
incluido;919
inclusion;213;805;876;911;1188
incompletas;74
incorporacion;417
incremento;1142;1143;1249
independente;1146
index;148;993
indicador;1141
indication;368
indice;157;821;1091;1217
indice barthel;157
indice de bishop;174;821
individual;82
induccion;3;174;508;661;1165
inducción;3
ineco;168
inespecifica;886
infancia;53;76
infant;173
infantil;880;1317
infeccion;1029
infliximab;30
informa;846;1079
informacion;51;259;292;415;460;863;878;906;916;922;932;1029;1033;1076;1263
informado;210;248;465;500;808;1073;1087;1097;1185;1186;1187;1189;1221;1343
information;603
informativa;812;813;871;1163
informativo;807;1229
informe;4;40;52;92;169;212;220;224;235;236;238;239;256;281;286;287;298;331;335;346;354;362;370;385;386;387;388;397;402;428;444;453;468;472;479;491;506;510;524;534;541;555;569;583;635;680;682;685;687;690;698;699;700;701;702;704;710;712;737;743;752;754;764;768;772;773;791;795;801;802;811;818;820;839;874;913;923;924;928;931;933;934;941;943;964;971;985;986;987;988;991;1003;1005;1007;1008;1010;1011;1013;1014;1017;1018;1025;1026;1036;1038;1044;1048;1054;1056;1063;1067;1092;1096;1117;1151;1158;1168;1171;1173;1175;1178;1192;1193;1237;1247;1250;1290;1300;1319;1337;1346
informe alta;287;359;495;569;613;716;717;719;740;941;943;1158;1237
informe alta cex centro externo;685;710
informe alta hos centro externo;335;370;398;701;929;988;1010;1013;1297;1323
informe alta urg centro externo;682;754
informe dispositivo implantado;407;408;429;430;431;504;545;557;632;713;779;782;794;849;853;881;1178;1203
informe enfermaría;4;303;453;1245
informe fisioterapia centro externo;15;189;768;994;1025;1066;1204;1322;1332
informe logopedia centro externo;46;250;387;1005
informe mesa basculante;546;638
informe médico;391;583;588;663;672;706;764;766;771;791;903;913;923;924;933;1219
informe médico centro externo;316;331;354;491;506;510;592;678;680;690;702;704;707;709;820;940;944;945;985;986;1006;1007;1011;1014;1016;1017;1018;1054;1056;1063;1067;1101;1168;1171;1173;1176;1292;1300;1318
informe neonato;344;1089
informe psicoloxía centro externo;52;388;402;931;1009;1309;1312;1313;1314;1316;1317;1346
informe psicoloxía clínica;846;855;1079;1080;1081
informe psicopedagoxía centro externo;40;92;233;235;236;238;239;385;386;389;390;635;845;936;1002;1310;1311;1319
informe xeral anatomía patolóxica;426;934
informe xeral anatomía patolóxica centro externo;269;275;276;298;317;396;403;423;686;703;729;950;961;964;965;967;987;1003;1038;1096;1175;1333
infusion;606;1242
ingestas;379
ingreso;206;380;381;726;1010;1088;1228;1342
inicial;504
iniciativa;1258;1261
inicio;612;999
injertos;428
inmediata;103
inmediato;1145
inmunohistoquimico;964
inmunologia;692;956;1179
inomed;748
insercion;868
inspeccion;802
instancia;377
instantanea;1048
instilaciones;11;13
instituto;9;316;662;843;1020;1054
instrucciones;249;1194
instrucion;425
insulin;1291
insulina;1043;1212
integrado;49
inteligencia;42
intensivos;409
interconsulta;200;200;205;221;221;256;256;334;346;364;476;509;509;579;581;581;607;1004;1021;1021;1026;1218;1218
interconsulta centro externo;205;364;607;667;668;711;1004;1026;1104;1153;1157
interlatencies;993
interpretacion;309;535
interrogacion;407;504
interrupcion;583;584;862
intervalos;430;431
intervencion;1;245;265;447;1001;1260;1312
intervenciones;556
intervencionismo;472
intervencionista;325;541
intervención;198;447;972
intrademorreaccion;969
intraocular;669
intrauterino;868;1222
intravenoso;1242
intravesical;12;661;750
intravitrea;654
invasivo;695;697
inventario;848;1248
iodados;130
ioduros;226
iontoforesis;18
ipss;95
isidro;1251
isomed;844
isotretinoina;840
item;837;1350
iv;1188
izq;104
izquierda;1060;1134
izquierdo;450
jcv;971
jude;779;881;895
judicial;424;746
jueves;171
juicio;425
juzgado;377
juzgados;352
kalinox;1265
kappa;617
kaufman;42
kbit;42
kohden;295
konan;458
kss;458
lab;106
label;993
labios;101
laboral;498
laboratorio;169;222;729;950;959;961;964;965;968;969;970;971;1038;1067;1096;1110;1160;1193;1304
laboratorios;276
laboratory;176;271;507;769;784;832;833;835;920;1214
lago;1251
lama;205;607
lamina;653
lampara;1078
laparoscopia;1123
laparoscopica;214;433;1140
laringea;618
laringuectomia;1174
laser;415;460;776
latencies;993
latex;115
lavado;26;157
leche;113;116;890;1282;1283
lectura;241;404;1268;1320
legal;583;584
legius;823
legumbres;116
leiro;317
lema;961;962;963;1177;1217
lente;35
lerez;846;999;1079;1080;1081
letras;68
lettinen;674
leuc;204
leucocitos;781;1139
leucodeplecion;5;304;797
leucodeplecionado;1077
lezine;53;76
liberador;1222
libro;1236
lidocaina;118;1325;1336
limites;1046;1305
limpia;910
line;288
lio;809
liquidos;596
lisosomal;1276
lista;1258
listado;841
llegada;326
lobo;474
local;278;556
locales;118;1325
logopeda;1317
logopedia;46
logopedico;1005
longitud;366;1205
lonxitude;1144;1243
lor;1034
lot;854
lote;854;1283
luaces;276;964;1096
ludoteca;373
lumbar;268;677;948
lvq;841
m-chat;147
macroscopica;729;961
macula;258;587;1095
macular;258;293;1095
maculopatia;594
maduracion;821
madurez;50
magallanes;47
magnetica;406;914;1183;1263
making;1225;1257
malformaciones;567
malinas;935
mama;413;500;762
mamaria;975
mamografia;975
manejo;1259
manifesto;320;463
manifiesto;742
maniobra;811
mano;1060
manometria;435
manometría anorrectal;442;448
manometría esofáxica;440;564
mantoux;384;664;969;1090
map;775
mapa;999
mapa dermatomas;154
marcadores;1296
marcapaso;407
marcapasos;408;921;1338
marcha;98;421
maria;331
marina;9
marquette;311
marrón;28;229;492;497;805
marta;1160;1161
martes;171
martitor;127
masa;177
master;526
masticar;101
materna;1184
matrices;44
matronas;1182
mayor;123;190;223;1181
mccarthy;1345
mcmi;1248
measurement;623
mec;62;544
mecanica;376
media;800
mediada;137;138
medianas;302
medianus;851
medica;75;152;944
medicacion;22;30;249;614;734;866;907;1154;1159
medicaciones;409
medical;545;779;853;881;895
medicamento;25;121;919
medicamentos;122;126;132;140;483;558;654
medicas;7;211;229;313;324;492;497;572
medicina;188;393;394;514;522;727;877;1149
medicion;849;1150
mediciones;26
medico;316;331;506;680;685;700;702;704;710;791;933;985;1007;1010;1011;1014;1017;1018;1168;1171;1319
medico prescritor;17
medidas;718;915;1190
medidor;1194
medina;289;1068;1300
medtec;1020
medtronic;282;477
medula;1115;1196
medular;927
megalab;1064
mejorado;516
membrana;1036
memoria;103
mental;56;544;846;855;1079;1334
merced;1005;1192
meridianos;533
meropenem;561
metabilismo;1280
metabolismo;1303
metacolina;886;1199
metales;488
metilen;991
metilprednisolona;612;671
metodos;1163
metotrexato;1337
metria;551
mff;1350
mff-20;1032
miccional;1194
microbiologia;1177
microcirugia;618
microscopica;729;965
microsmart;939
miguel;273;291
miller;749
millon;1248
mini;55;56;63;474
mini examen;55
mini-exame;474
mini-mental;54;55;57;59;61;64
miniexamen;58
ministerio;820;929
minnesota;848
minusvalia;1055
minutos;98;638
mirena;1222
mirtazapina;751
misoprostol;821
mitomicina;661;1241
mmpi;182;848
mms;1235
mmse;54;56;58;62;64;544
moca;609
modelo;407;1050
modificacion;2;1258;1261
modificación inclusión le;2;327;1258;1261
modo;161
modulo;69
molecular;382;393;394;823;959
mollabao;615
monitorizacion;1288
montaje;512
montecelo;717;1329
montreal;609
moreiras;592
morficos;1293
morfina;1118
motivo;346;760;903;999
mpd;629
msca;1345
msws;421
msws-12;421
mucosas;101
muestra;151;169;172;275;932
muestras;961
mulleriana;1209
multiaxial;1248
multidimensional;1022
multidisciplinar;931;1009
multifactorial;77;1349
multifasico;848
multiopticas;1034
multiple;383;666
municipal;373
musculares;1118
musculo;856
mutacion;1117;1214
nace;731;1151
nacemento;786
nacimiento;171;1262
nado;1189
name;158;160;218;263;815
naranja;7;281;308;309;311;313;359;372;495;517;530;531;538;633;717;719;806;1048;1050;1107;1302
nasal;26
nasosinusa;780
natus;757
nectar;178
nefrectomia;214
nefro;1328
nefrostomia;437
negativa;1330
negative;817
nenos;1144
neonatoloxia;1089
neonatos;757;879;1041;1144
nervio;646
nervios;675
nestle;142
neumologia;261
neuro;1200
neurofisiologia;332;662;675;687;1192;1200;1329
neurofisiologico;744
neurologia;20
neuromielitis;956
neuropatia;144
neuroproteccion;1275
nfls;823
nidek;218;815;889;1105
nimgenetics;272
ninguno;1;1;2;3;4;5;5;6;6;7;8;9;9;10;11;11;12;13;13;14;14;15;15;16;17;17;18;19;19;20;20;22;23;23;24;25;25;26;27;27;28;29;30;31;31;32;34;35;36;37;39;39;40;40;41;42;43;44;45;46;46;47;48;49;49;51;52;52;53;54;54;55;55;56;58;58;59;59;60;60;61;61;62;62;63;63;64;64;65;66;66;67;68;69;69;71;71;72;73;73;74;74;75;75;76;77;77;79;79;80;80;81;81;82;83;83;84;85;85;87;87;88;89;90;90;91;91;92;92;93;93;95;96;96;97;97;98;99;100;100;101;102;103;103;104;105;107;108;109;110;111;112;113;114;115;116;117;118;119;120;121;121;122;122;123;123;124;125;126;127;128;129;130;131;132;133;134;135;137;138;138;139;139;140;141;141;142;142;143;144;144;145;145;146;147;147;148;148;149;149;150;151;151;152;152;153;153;154;155;155;157;159;161;161;162;163;163;164;165;166;166;167;168;168;169;170;170;171;172;172;173;174;174;175;176;176;177;177;178;179;180;180;181;181;182;183;184;184;185;185;186;187;189;189;190;190;191;191;192;192;193;193;194;194;195;196;197;198;199;199;200;201;201;202;202;203;203;205;205;206;207;207;208;208;209;210;210;211;211;212;212;213;214;214;215;215;216;217;217;218;218;219;220;221;221;222;222;223;223;224;224;225;225;226;227;227;228;228;230;230;231;231;232;233;233;234;234;235;235;236;236;238;238;239;239;240;241;241;242;243;243;244;245;245;246;247;247;248;248;249;249;250;250;251;251;252;253;254;254;255;256;256;257;257;259;259;260;261;262;262;263;263;264;265;265;266;266;267;267;268;268;269;269;270;270;271;271;272;272;273;273;274;274;275;275;276;276;277;278;278;279;279;280;280;281;282;283;283;284;285;285;286;286;287;289;289;290;290;291;291;292;292;293;293;294;294;295;295;296;297;297;298;298;299;299;300;300;301;301;302;302;303;303;304;304;305;305;306;306;307;307;308;312;312;313;314;314;315;316;316;317;317;318;318;319;319;320;320;321;322;322;323;323;324;324;325;326;326;327;327;328;328;331;331;332;332;333;333;334;335;335;336;336;337;337;338;338;339;340;340;342;343;344;344;345;345;346;347;347;348;348;349;350;350;351;352;352;353;353;354;354;355;355;356;357;357;358;358;359;360;360;361;362;362;363;363;364;364;365;366;367;368;369;369;370;370;371;371;372;373;373;374;374;375;375;376;377;377;378;379;380;380;381;381;382;382;383;383;384;384;385;385;386;386;387;387;388;388;389;389;390;390;391;391;392;392;393;393;394;394;395;395;396;396;397;397;398;398;399;400;400;401;401;402;403;403;404;405;406;406;407;407;408;408;409;409;410;411;411;412;413;413;414;414;415;415;416;416;417;418;418;419;419;420;420;421;422;422;423;423;424;424;425;425;426;426;427;427;428;428;429;429;430;430;431;431;432;432;433;433;434;434;435;435;436;437;437;438;438;439;439;440;440;441;441;442;442;443;443;444;445;446;446;447;448;448;449;449;450;450;451;451;452;452;453;454;455;455;456;457;459;459;460;460;461;461;462;463;463;464;465;465;466;466;467;467;468;468;469;469;470;470;471;471;472;472;473;473;474;474;475;475;476;476;477;478;478;479;480;480;481;482;482;483;483;484;484;485;485;486;486;487;487;488;488;489;489;490;490;491;491;492;493;493;494;494;495;496;496;497;498;498;499;499;500;500;501;501;502;502;503;503;504;505;505;506;506;507;507;508;508;509;509;510;510;511;511;512;513;513;514;515;515;516;516;517;518;520;522;522;524;524;525;525;526;527;529;532;532;534;534;535;535;536;536;538;539;539;540;541;541;542;542;543;543;544;544;545;545;546;546;547;547;548;548;549;549;550;550;551;551;552;553;553;554;555;556;556;557;557;558;558;559;560;560;561;561;562;562;563;563;564;564;565;565;566;566;567;568;568;569;569;570;570;571;572;572;573;573;574;574;575;575;576;576;577;577;578;578;579;579;580;580;581;581;582;582;583;583;584;584;585;586;586;587;587;588;588;589;589;590;591;592;592;593;593;594;595;595;596;597;597;598;598;599;599;600;601;601;602;602;603;604;604;605;605;606;606;607;607;608;608;609;610;610;611;611;612;612;613;613;614;614;615;615;616;616;617;618;618;619;619;620;620;621;621;622;622;623;624;624;625;626;626;627;627;628;629;631;631;632;632;633;634;634;635;635;636;636;637;637;638;638;639;639;640;640;641;641;642;642;643;643;644;644;645;645;646;646;647;647;648;648;649;649;650;650;651;651;652;653;654;654;655;655;656;656;658;658;659;659;660;661;661;662;662;663;663;664;664;665;665;666;666;667;668;668;669;670;671;671;672;672;673;673;674;675;675;677;677;678;678;679;679;680;680;681;681;682;682;683;683;684;684;685;685;686;686;687;687;688;688;689;689;690;690;691;691;692;692;693;693;694;694;695;695;696;696;697;697;698;698;699;699;700;700;701;701;702;702;703;703;704;704;705;706;706;707;707;708;708;709;709;710;710;711;711;712;712;713;713;714;714;715;715;716;716;717;718;718;719;720;720;721;721;722;722;723;723;724;725;725;726;726;727;728;729;729;730;730;731;732;732;733;733;734;735;735;736;736;737;737;738;738;739;739;740;740;741;742;742;743;743;744;744;745;745;746;746;747;747;748;749;750;750;751;751;752;752;753;753;754;754;755;755;757;757;758;758;759;759;760;761;761;762;762;763;763;764;764;765;766;766;767;767;768;768;769;769;770;770;771;771;772;772;773;773;774;774;776;777;778;778;779;779;780;780;782;782;783;784;784;785;785;787;787;788;788;789;789;790;790;791;791;792;792;793;793;794;794;795;795;796;796;797;797;798;798;799;799;800;801;801;802;802;803;804;805;806;807;807;808;808;809;810;810;811;811;812;812;813;813;814;814;815;815;816;816;817;818;818;819;819;820;820;821;822;822;823;823;824;824;825;825;826;827;828;828;829;829;830;830;831;831;832;832;833;833;834;834;835;835;836;836;837;837;838;838;839;839;840;840;841;841;842;842;844;844;845;846;846;847;847;848;849;850;850;851;852;853;853;854;854;855;855;856;858;858;859;859;860;861;861;862;862;863;863;864;864;865;866;866;867;867;868;868;869;870;870;871;871;872;872;873;873;874;874;875;875;876;876;877;877;878;878;879;880;880;881;881;882;882;883;883;884;884;885;885;886;887;888;889;889;890;891;892;893;894;895;895;896;897;898;899;900;900;901;902;902;903;903;904;904;905;906;906;907;908;908;909;909;910;910;911;911;912;912;913;913;914;914;915;915;916;916;917;917;919;919;920;920;921;922;922;923;923;924;924;925;925;926;926;927;927;928;928;929;929;930;931;931;932;932;933;933;934;934;935;936;937;937;938;938;939;939;940;940;941;941;942;942;943;943;944;944;945;945;946;946;947;947;948;948;949;949;950;950;951;951;952;952;953;953;954;954;955;955;956;956;957;957;958;958;959;959;960;960;961;961;962;962;963;963;964;964;965;965;966;966;967;967;968;968;969;969;970;970;971;971;972;973;973;974;974;975;975;976;976;977;977;978;978;979;979;980;980;981;981;982;982;983;983;984;984;985;985;986;986;987;987;988;988;990;990;991;991;992;993;994;994;995;995;996;996;997;997;998;998;999;1000;1000;1001;1001;1002;1002;1003;1003;1004;1004;1005;1005;1006;1006;1007;1007;1008;1008;1009;1009;1010;1010;1011;1011;1012;1012;1013;1013;1014;1014;1015;1015;1016;1016;1017;1017;1018;1018;1019;1019;1020;1020;1021;1022;1022;1023;1024;1024;1025;1025;1026;1026;1027;1027;1028;1028;1029;1029;1030;1030;1031;1031;1032;1032;1033;1033;1034;1034;1035;1035;1036;1036;1037;1038;1038;1039;1039;1041;1041;1042;1042;1043;1044;1044;1045;1045;1046;1046;1047;1047;1049;1049;1050;1052;1052;1054;1054;1055;1055;1056;1056;1057;1057;1058;1058;1059;1059;1060;1061;1061;1062;1062;1063;1063;1064;1064;1065;1065;1066;1066;1067;1067;1068;1068;1069;1069;1070;1070;1071;1071;1072;1073;1073;1074;1074;1075;1075;1076;1076;1077;1077;1078;1078;1079;1079;1080;1080;1081;1081;1082;1082;1083;1084;1086;1086;1087;1087;1088;1089;1090;1090;1091;1091;1092;1092;1093;1093;1094;1094;1096;1096;1097;1097;1098;1098;1099;1099;1100;1100;1101;1101;1102;1103;1103;1104;1104;1105;1105;1106;1106;1107;1108;1108;1109;1109;1110;1110;1111;1112;1112;1113;1114;1115;1115;1116;1116;1117;1117;1118;1119;1119;1120;1120;1121;1121;1122;1122;1123;1123;1124;1124;1125;1125;1126;1126;1127;1127;1128;1128;1129;1129;1130;1130;1131;1131;1132;1132;1133;1133;1134;1135;1135;1136;1136;1137;1137;1138;1138;1139;1139;1140;1140;1141;1141;1145;1145;1146;1146;1147;1147;1148;1148;1149;1149;1150;1151;1151;1152;1153;1153;1154;1155;1155;1156;1157;1157;1158;1159;1160;1160;1161;1161;1162;1162;1163;1163;1164;1164;1165;1165;1166;1166;1167;1167;1168;1168;1169;1170;1171;1171;1172;1172;1173;1173;1174;1174;1175;1175;1176;1176;1177;1177;1178;1178;1179;1179;1180;1180;1181;1181;1182;1182;1183;1183;1184;1184;1185;1185;1186;1186;1187;1187;1188;1188;1189;1189;1190;1191;1192;1192;1193;1193;1194;1195;1196;1196;1197;1198;1199;1200;1200;1201;1202;1203;1203;1204;1206;1206;1207;1207;1209;1209;1210;1210;1211;1211;1212;1213;1214;1214;1215;1217;1217;1218;1219;1219;1220;1221;1221;1222;1222;1223;1223;1224;1225;1226;1226;1227;1227;1228;1229;1229;1230;1231;1231;1232;1232;1233;1233;1234;1234;1235;1236;1236;1237;1237;1238;1239;1240;1240;1241;1242;1242;1243;1244;1245;1245;1246;1246;1247;1247;1248;1250;1251;1252;1254;1254;1255;1256;1257;1258;1259;1259;1260;1261;1262;1262;1263;1263;1265;1265;1266;1266;1267;1267;1268;1269;1269;1270;1270;1271;1271;1272;1272;1273;1274;1274;1275;1276;1276;1277;1277;1278;1278;1279;1279;1280;1280;1281;1281;1282;1282;1283;1283;1284;1284;1285;1285;1286;1286;1287;1287;1288;1290;1291;1291;1292;1293;1294;1294;1295;1295;1296;1296;1297;1297;1298;1298;1299;1299;1300;1300;1301;1303;1303;1304;1304;1305;1306;1307;1307;1308;1308;1309;1309;1310;1310;1311;1311;1312;1312;1313;1313;1314;1314;1315;1315;1316;1316;1317;1317;1318;1318;1319;1319;1320;1320;1321;1322;1322;1323;1324;1325;1325;1326;1327;1328;1328;1329;1329;1330;1330;1331;1331;1332;1332;1333;1333;1334;1335;1335;1336;1336;1337;1337;1338;1339;1340;1340;1341;1341;1342;1342;1343;1343;1344;1345;1345;1346;1346;1347;1347;1348;1349;1350;1350
nitroso;1266
nivel;760;845
niñas;1290
niño;83;151
nocturna;375
nocturno;420;984
noige;137
nombre;25;464
norprevencion;1037
nota;360;595;938
nota ingreso;206;380;381;580;726;1088;1228;1342
notas;1334
novasource;31
nsg;475;605
nuclear;739;816;1149
num ropa;356
numeracion;1240
numero;711
numeros;167
nutricion;19;31;475;605;606;1041
nutrición;19;31
o'sullivan;1161
oae;1052
objetivo;177
obs;72
observacions;1321
obstetrica;297
obstetricia;343;344
ocasional;918
oct;521
ocular;1187
ocultos;128
oculus;412;523;657
ocupacional;727
od;366
oficina;352
oficio;424
oftalmia;1087
oftalmologia;594;843;1202
oftalmologico;354;592;1054
oftalmoloxia;99;633
oido;216
oidos;416;681
ojo;32;34;35;36;450;450;454;660;783;796
ojos;591
oncotype;817;817
onetouch;918;1236
operacion;861
optica;93;419;669;956
optometrista;93;667
oral;358;621;774;896;1207;1224;1324
orde;1051
orden;206
ordenes;211;324;1129;1130;1131;1132
ordes;7;194;229;313;492;497
ordes médicas;22;185;194;211;229;246;324;409;427;449;492;497;563;572;586;593;659;930;1041;1061;1062;1085;1112;1129;1130;1131;1238
ordes médicas (protocolo precirúrxico);170;265;323;438;910;1207
organicos;1286
organizacion;852
orientacion;40;92;389;390;673;758;839;1002;1311
orina;661;694;963;1286;1335
orion;997
orquiectomia;602
ortodoncista;668
os;366
osea;220;601;739;1115
osixenoterapia;1083
otoacoustic;1052
otologia;323
otoplastia;767
otorrinolaringologia;446
ouriña;617
outon;1160
overview;776
ovulacion;3
ovulación;3
oxido;1266
oxigeno;322
oximetria;201
oximetría;201
paaf;1279
pablo;668
pac;706
paciente;149;156;228;259;261;281;292;365;634;800;918;1016;1033;1066;1076;1277
pacientes;2;85;141;145;155;213;340;566;911;1169;1183;1263
paff;753
panaderia;131
pancreas;869
paneles;169
papiloma;1223
papilomavirus;967
paracetamol;1306
parada;387;388
paramagneticos;353
parameter;65
parametros;429;779;1102;1156
parcial;214
parda;908
parenteral;1041
parkinson;250
part;1257
parte;73;498;585;746;902;1004
parte de defunción;585
participante;916;1028;1180;1181
parto;342;508;807;1165;1229;1262
partograma;1254
partos;1100
pasos;658
pastora;1104;1154
pastoriza;936
pataletas;71
patelar;1301
patient;65;243;368;511;603;1257;1287;1339
patientens;1225
patologia;269;729;961;965
patologica;298;396;423;426;686;703;934;950;1003
patologico;703
pauta;19;31;183;184;246;334;561;604;606;930
pauta semanal;16
pautado;826
paz;370;754
pca;432
peak;1340
pec;1244
pediatria;341;973;1089
pediatrica;109;113;119;125;126;128;129;133;136;284;349;540;928;1318
pediatrico;1131
pediatricos;155
peito;1226
penal;598
penitenciario;205;607
pentacam;412;523;657
percepcion;1245
perfil;82;84;146;589;845;1233
pericardio;673
periferica;144
perimetro;1243
periodo;1048;1076
periparto;1114
peritoneal;100;761
permiso;743;859;1235
persona;410
personal;240
personalidad;848
personalizados;1106
pescados;107;136
peso;518;634;786;800;1142;1142;1143;1190;1205;1208;1289
pesticidas;127
pet;102;1149
pet/ct;1149
peticion;452;501;655;914
ph;551
pharma;997
philips;853;1100
phmetria;444
phmetría;444
phmetría (rexistro);551
phone;368
physiological;527
pico fluxo;171
pierna;198
piernas;198
pillcam;555
pinar;398;1010
pintor;1110
pinza;1239
piruvato;1240
piruvico;955
pisquitria;721
plan;1262
plan de parto;1262
planificacion;317
planta;208
plantilla;110
plasticos;482
platino;485
pletismografía;1060
poag;166
point;165
polen;119
poliartritis;1023
policlinico;46;1039
polipectomia;1239
polisomnografia;355;374;375
polisomnografico;420;1231
polisomnograma;984
polo;990
pongo;721;824
pontevedra;491;594
portas;1153
posologia;24
post;296;753;1292;1327
post-cpre;296;909
postanestesica;194;659
postoperatorio;665;1093
postparto;1254
potenciais evocados;405;983;993;1264
potenciales;983
potential;405
povisa;332;336;397;506;698;699;700;701;702;703;704;773
ppg;560
ppl;126
pr;310;537
practica;1330
pre-cateterismo;858
preanestesica;153;1253
precisa;605
precoz;762
precrito;799
prehistoria;1206
prenatal;152;272;274;299;689;695;697;731;784;920;953;1162;1217;1246
preoperatorio;1128;1145
preoperatorios;190
preparacion;207;265;1071
prequirurgica;1133
prequirurgico;170;323;438;910;1207
prescricion;351
prescripcion;25;799;801
prescripciones;572
prescriptor;30
prescrito;799
presentacion;921
presion;410;669;778;1072;1150;1190
pressure;623
prevencion;317;457;840
previas;425
previo;899;1199
prick;37;108;109;113;119;120;124;125;128;129;131;132;133;136;483;1269;1293;1306;1326
prick test;37;107;108;109;110;111;112;113;116;117;118;119;120;121;122;124;126;127;128;129;130;131;132;133;134;136;283;353;482;483;485;486;540;573;600;735;882;888;893;1113;1118;1244;1269;1293;1306;1326
primario;350
primeira;1218
primera;53
principales;81
prl;665
proba;1000
proba diagnóstica;384;637;664;969
proba diagnóstica centro externo;471
proba vestibular;1046;1092;1305
probas;121;122;139;232;252;283;440;444;448;558;655;1268
probas epicutáneas;481;484;487;488;489;490;550;883;884;887;891;892;894;1213;1215;1268;1278
probas provocación;101;115;135;137;138;139;140;329;558;886;896;897;898;899;1000;1195;1199;1224;1267;1325;1336
probas urticaria;8;114;125;778;885
problema;1001
proceda;320;463
procedencia;410
procedimiento;228;598
proceso;424
procesos;1320
process;519
profesional;1343
profilaxe;1185
profilaxis;1186;1187
programa;49;762;876
programada;1136
prolec;45
proposta;245
prosaude;1014;1252
prostatectomia;433
prostatica;648
prostaticos;95
prot;361
proteccion;456
protocolizacion;1133
protocolo;114;115;150;170;197;208;244;323;383;432;437;443;447;547;624;666;745;753;763;858;893;910;926;1103;1188;1207;1216;1259;1324
protocolo  ;383;666;753;858;915;927
provincial;372;875;942;1302
provocacion;115;135;137;138;886;896;897;1000;1199;1224
prueba;115;261;279;281;301;308;454;796;834;897;901;1348
pruebas;101;108;111;112;117;118;120;124;126;130;131;132;280;353;481;483;600;883;884;887;888;891;892;894;1191;1213;1215;1244;1269;1278;1284
psg;263
psicodedagogico;239
psicoeducativo;1313
psicologa;1317
psicologico;52;388;1309;1314;1346
psicologo;855;1080;1316
psicoloxia;1313
psicomotor;53;76
psicomotricidad;81
psicopedagogico;1319
psicopedagoxico;235;635;1311
psiquiatria;377;379;771;824
psoriasis;789;1232
psx;972;1241
pt;663
publica;315
puerperal;1254
pulsos;612;671
pump;571
puntos;796
puntuacion;51;837
puntuaciones;45
puntue;441
pupila;990
pupilares;418
puva;629
qmax;730
qrsd;310;537
qt;392
quantel;368
quick;1197
quimioterapico;645
quinolonas;1113
quirofano;193;326;1255;1299
quiron;1139;1200;1231;1238;1297;1335;1341
quironsalud;1147;1148;1297
quirurgica;841
quirurxica;192;245
r1;1105
radical;433
radiodiagnostico;254;656
radiofrecuencia;906
radiografia;1172
radiologia;772;818
radiologica;652
radiologicas;1191;1284
radiologico;397;698;699;737
radioloxica;253;255
rapid;172
rapida;1324
rapido;1264
rapidpoint;172
raster;288
rasurar;265
rating;439
ratio;365;730
raza;1076
reaccion;21
real;799
realizacion;207;404
reanimacion;651;1256
recall;534
recepcion;193;1299
receptor;1137
rechaza;1087;1187
rechazan;1138
rechazo;1186
recoger;839
recomendaciones;358
rectal;442
recto;1140
rectorragia;925
recuento;1139
recuper;300
recuperacion;194;659
redibuja;638
reference;176;271;507;769;784;832;833;835;920;1214
referencia;834
reflejo;1301
reflejos;418
reflex;339
refracción-gradación;218;257;783;815;889;1105
refracción-gradación centro externo;93;1034
refractarios;430;431
refractivas;523
registro;178;226;321;325;551;765;1043;1170;1220;1236;1266;1288
rehabilitacion;15;188;514;727;877;1051;1200
rehabilitador;1066
reia;106
relacion;712
relajantes;1118
reloj;167;1285
remision;1101
remitese;722
remitimos;1066
remsima;732
renal;945
report;243;263;405;511;587;759;775;776;817;1052;1068
reportado;918
representaciones;523
request;1273
reseccion;1058;1122;1140
residencia;10;398;401;1017;1104;1154;1171;1176;1210
residencial;491
residente;944;1101
resmed;1141
resonancia;406;914;1183;1263
resonancias;948;949;1098
respiratoria;1288
responsables;230
responses;851
respuesta;441
respuestas;182;1049
resscan;203
rest;1065
restringido;1042
resultado;834
resultados;282;309;477;749;932;991;1151
resumen;45;429;632;853;918;1056;1176;1262
retencion;608
retinal;521
retinografía;158;160;594;660;843
reumatologia;162;163
revascul;159
reveal;713
revisado;1233
revision;1120;1128;1292
rexeita;1185;1189
rexeitamento procedemento;1087;1185;1186;1187;1189;1330
rexime;360
rexistro;213;234;614;805;1154
rexistro anestesia;197;227;244;342;736;1253;1259
rexistro enfermaría;1;6;7;26;123;178;179;190;209;219;223;226;262;280;296;312;313;321;325;326;341;372;376;379;410;451;467;473;480;496;554;559;596;634;665;715;747;765;826;860;909;925;928;942;992;1082;1083;1093;1102;1127;1132;1133;1146;1152;1156;1188;1190;1201;1216;1220;1226;1227;1242;1243;1275;1277;1288;1301;1321;1327
rexistro glucemia;857;918;1043;1048;1069;1114;1119;1212;1236
rexistro transfusión;5;199;304;529;542;793;797;1077;1084;1107
rhapsody;545
rhytm;1065
ribadumia;1171
riesgo;927;1141;1217;1349
riesgos;556;1001;1106
rinne;216
rinologia;438
riscos;751;1337
rita;1039
rm;290;291;416;677;698;948;1008;1012;1015;1020;1098;1147
rm centro externo;290;291;416;505;677;698;737;772;948;949;1008;1012;1015;1020;1098;1147
rm columna;737
rnfl;33
robleda;23
rodas;1146
roja;705
rojo;156;186;216;529;1084
rompecabezas;68
roncopatia;547;624
ronquido;515
rosa;361;728;1021;1142;1205;1208
rosaleda;403;970;1012;1016;1019
rosendo;709
rubeola;1304
ruo;169
rx convencional centro externo;397;1033;1172
sabre;516
sacarosa;1227
sajosa;491
salas;219
salinas;156
salnes;552;803;804;805;806;1003;1050;1058;1082;1083;1084;1085;1086;1087;1088;1089;1103;1127;1128;1129;1130;1131;1132;1133;1145;1146;1155;1156;1158;1164;1229;1261;1262
salnés;803;805;806;808;809;811;812;813;814;815;819;820;864;869;870;871;1082;1083;1084;1085;1086;1087;1088;1089;1094;1099;1100;1101;1102;1105;1106;1107;1108;1127;1128;1129;1130;1131;1132;1133;1145;1146;1152;1154;1155;1156;1157;1158;1161;1162;1163;1164;1184;1185;1186;1187;1188;1189;1190;1226;1227;1228;1229;1253;1254;1255;1256;1258;1259;1260;1261;1262;1342
salud;189;846;855;1079;1204;1322;1332
sample;243
sanatorio;23;331
sangre;611;1296;1298
sanguinea;199;542
sanguineos;793
sanidad;820
sanitaria;1;711
sanitarias;315
sanitario;1103
santa;331
santiago;752;914
saos;547;624
saraiva;402
sas;145
satisfaccion;459;790;1093
saude;234;1334
scale;439
scans;519
scientific;1178
score;861;1059
scoring;631
screening;168;814;832
sdq;1347
seccion;446
seccion b;60
secos;129
secretaria;424
sedacion;997;1121
seg;5;304
segment;1053
segmentaria;1058
seguimento;191
seguimento post-alta;191;1260
seguimiento;1;290;402;678;1023;1178
semana;859
semejanzas;90
semen;1071
sensibiliad;1045
sensorial;852
septoplastia;438
septorrinoplastia;788
sergas;1321
serologia;1071;1223
services;945
servicio;344;377;554;824
servizo;254;266
señara;707
señora;1013
sfs;146
sibel;811;1099
sibelmed;825
signal;989
signos;1226
sim;533
sim-k;533
simbolico;837
simbolos;73;867;1030
simple;1224
simponi;725
sindrome;392;520;823;1272
sintoma;144
sintomas;515
sintomatoloxia;242
sinus;1065
siquiatria;377
sisae;931
sistema;782
sistematico;1335
sleep;759
smartview;408;794
snap;88
sncv;851
social;9
software;203
soip;360;938;938
sokolow;311
solares;892
solicitado;531
solicitante;554
solicito;862
solicitud;14;17;27;380;381;723;725;726;732;789;911;919;1008;1041;1042;1149;1191;1219;1232
solicitude;234;252;548;584;584;725;732;862;911;919;1107;1149;1218;1232
soltrim;573
soltrin;208
solucion;1350
solumoderin;612;671
somatometría;173;518;786;1142;1143;1144;1205;1208;1249;1289;1290
somnolencia;515
sonda;475;604;605;606
soremay;10;1168
sorin;408;782;794
sospecha;145;1230
spad;1035
spect;816
spect centro externo;816
spiritll;203
ss int;204
ssir;895
standard;109;489;1273
state;59
stratify;971;1193
stratus;521
strength;989
stress;1068
study;759
subjetiva;149
sublingual;135
subtest;67;837
sudor;637
suero;692;1209
sueros;1294
sueño;355;1231
sugammadex;1042
sullivan;1161
svpts;1169
synapsys;330;1040
system;165
systems;853
t-3;957
t.c.;207
ta;638;1152
tabla;559;658;1169
table;526
tac;683;974;980;1148
tac centro externo;268;681;683;699;974;976;977;978;979;980;982;1019;1148
tale;241
talla;518;1208;1290
talle;786;1142;1143;1249;1289
tamai;77
taqui;1338
tarjeta;711
taxanos;735
tb;672
tbp;663
tc;207;699;699;976;977;978;979;982;1019;1277
tda;1349
tdah;85;155
tea;1348;1350
tecnica;1260
telefonico;191
temprana;994
terapeutica;1123
terapeutico;876
terapia;727;801
teratoxenicos;751;1337
tercio;982
termica;1045
terminacion;51;68;79;902
termotest;1045
test;49;55;61;67;77;87;98;100;103;174;241;274;363;494;573;608;626;631;674;691;695;697;761;778;794;827;844;852;886;899;1047;1151;1161;1184;1195;1199;1225;1233;1246;1257;1281;1306;1315;1326
test ;91
test adaptación;1047
test alento centro externo;106;691;844
test breve;42
test de ureasa;363;636
test deterioro cognitivo;39;44;49;51;60;67;68;79;90;91;103;167;168;378;439;591;608;609;631;837;867;1225;1233;1248;1257;1285
test hidróxeno espirado;827
test marcha 6 min;98
test mini-mental;54;55;56;57;58;59;61;62;63;64;474;544
test organización sensorial;852
test permeabilidade peritoneal;102
test psicolóxico;38;41;42;43;45;47;48;50;53;69;70;71;72;73;76;77;78;80;81;82;84;86;87;89;182;237;848;1030;1031;1032;1315;1320;1344;1348;1350
test rgo;156
test trastornos movemento;104;105
testosterona;954
thickness;33;258;775;1095
tibial;646
tiempo;282;477
tijeras;1032
tilt;546;1281
tilt-test;546
timpanometría;339;469;571;597;1340
tipaxe hla;382;1179
tipo;1069;1203
tiras;1250
tiroidea;1247
titora;236
titulo;916
tolerancia;101;121;122;139;140;283;329;558;898;1195
tomas;1226
tomas 1 a 3;356
tomografia;419;822
tomografía coherencia óptica;33;258;288;293;419;519;521;587;599;775;776;989;1053;1095
tone;1339
tonometria;669
tonometro;667
tonometría centro externo;669
tonos;1202
topcon;257;587;630;865;996
topografía corneal;412;523;533;630;657;996
topometricas;412
torax;640;976;1172
toshiba;869
total;589;921
touron;1161
trabeculectomia;972;1241
tracking;776
traducida;164
trail;1225;1257
tranquility;968;1064
transcanalicular;460
transductor;1134
transf;5;304
transfundir;1084
transfusion;199;382;542;793;1107;1138
translocacion;1116
transplantes;1271
transporte;1103;1169
transtoracico;733;946
transuretral;1122
transversal;1290
traqueotomia;863
traquetomia;922
trasfundir;529
traslado;230;462;510;553;874;935;1210
traslados;548
trastornos;1280
tratamento;3;9;11;12;13;16;17;18;19;21;24;27;29;30;31;194;475;524;604;605;606;612;661;666;671;676;718;722;734;750;777;850;854;997;1051;1094;1108;1241;1266;1294;1324;1331
tratamento (citostáticos);28;328
tratamento (cuestionario);459;790;900
tratamento (protocolo pca);432
tratamento centro externo;10;20;23;25;249;356;401;614;1154;1159
tratamiento;9;10;14;18;27;246;249;319;334;409;457;459;524;612;645;718;725;732;781;878;930;1066;1130;1131;1132;1227;1232;1242
tratamiento endovesical;11
tratamientos;24
tratamientos utilizados;17
traumatologia;649
trazabilidad;247;480
trazabilidade células e ou tecidos;428;458;611;917;1036;1078;1271;1283;1298
trazabilidade materiais;228;247;305;348;499;653;1273
tres en uno;32;36
triaje;362;1082
triangulo;237
triangulos;48
trimestre;297;814
trimetropin;573
trisonim;272
trolab;482;486
troneos;670
trvb;608
tryptizol;751
tsi;957
tsnu;351
tto;1129
tuberculosis;766
tubo;640
tumoracion;248
tumores;500
tymp;339;469
tympanometry;571
u.s.m.a.;615
uci;4;453;928;997
ulceras;410;484;1268
ulla;1054
ulmer;330;1040
umbilical;611;1298
umbral;1202
unico;187
unidad;19;180;224;340;349;355;409;561;766;855;1059;1166;1216;1231
unidade;191;194;209;440;444;448;659;912;946;947
unidades;553
unilabs;971;1193
universitario;370;391
urea;102
ureasa;363
urgencias;493;535;569;650;754;806;1170;7;24;359;362;372;493;495;582;588;595;613;707;711;715;716;938;941;942;945;1159;1169;1170
urgente;576
urinocontroles;1035
uro;974
urodinamia;646
uroflujometria;1235
urologia;265
urpa;665;1128;1129;1130;1131;1132;1145
urticaria;8;114;125;885;893
urxencias;7;313;314;315;359;372;495;581;717;719;942;943;1157;1158
urxente;287;941
usc;1313
usm;1080;1081;1206
usma;615
uso;524
ustekinumab;319;1219
utb;664
uv;21
uv-doses;21
vaciado;1235
vaginal;423
valenzuela;222;966;967;968;969;1038;1246;1296;1303
valga;1157
validez;72
valle;389;401;1017
valoracion;149;262;769;833;935;1055;1169;1245;1270
vancomicina;358
varios;33;70;78;86;94;106;136;158;160;204;220;237;258;288;310;329;330;349;399;412;421;458;519;520;521;523;526;527;528;533;537;630;653;657;775;781;843;845;857;865;918;989;1040;1053;1095;1264;1344
varones;457;518
vascular;644;1124;1126
vaso;1194
vazquez;249
vd;815
vehiculos;486
vejiga;1122
velocidad;1040
vendaxe;1083
venenos;111
venofer;208;763;926
ventilacion;1102;1156
ventilador;1156
verbal;69
verde;200;342;447;457;514;552;567;803;804;1216;1253;1255;1258;1260;1292;1323
verificacion;841
verificación;513
version;88;164;459;748;900;1197
versionado;582
vertical;1;2;4;5;6;7;8;9;10;11;12;13;14;16;17;18;19;20;22;23;24;25;27;28;29;31;32;33;34;35;36;37;39;40;41;42;43;44;45;46;47;48;49;50;51;52;53;54;55;56;57;58;59;60;61;62;63;64;65;66;67;68;69;71;72;73;74;75;76;77;78;79;80;81;83;84;87;88;89;90;91;92;93;94;95;96;97;98;99;100;101;102;103;104;106;107;108;109;110;111;112;113;114;115;116;117;118;119;120;121;122;123;124;125;126;127;128;129;130;131;132;133;134;135;136;137;138;139;140;141;142;143;144;145;146;147;148;149;150;151;152;153;154;156;157;158;160;162;163;164;165;166;167;168;169;170;171;172;173;174;175;176;177;178;179;180;181;182;183;184;185;186;187;188;189;190;191;192;193;194;195;196;197;198;199;200;201;202;203;204;205;207;208;209;210;211;212;213;214;215;216;217;218;219;220;221;222;223;224;225;226;227;228;229;230;231;232;233;234;235;236;237;238;239;240;241;242;243;244;245;246;247;248;249;250;251;252;253;254;256;257;258;259;260;261;262;263;264;265;266;267;268;269;270;271;272;273;274;275;276;277;278;279;280;281;282;283;284;285;286;287;288;289;290;291;292;293;294;296;297;298;299;301;303;304;305;306;307;308;309;313;314;315;316;317;318;319;320;321;322;323;324;325;326;327;328;329;331;332;333;334;335;336;337;338;339;340;343;344;345;346;347;348;349;350;351;352;353;354;355;356;357;358;359;360;361;362;363;364;365;366;367;368;369;370;371;372;373;374;375;376;377;378;379;380;381;382;383;384;385;386;387;388;389;390;391;392;393;394;395;396;397;398;399;400;401;402;403;404;405;406;408;410;411;412;413;414;415;416;417;418;419;420;421;422;423;424;425;426;427;428;429;430;431;432;433;434;435;436;437;438;439;440;441;442;443;444;447;448;449;450;451;452;453;454;455;456;457;460;461;462;463;464;465;466;467;468;469;470;471;472;473;474;475;476;477;478;479;480;481;482;483;484;485;486;487;488;489;490;491;492;494;495;496;497;498;499;500;501;502;503;505;506;507;508;509;510;511;513;514;515;516;517;518;520;521;522;524;525;526;527;528;529;532;533;540;541;542;544;545;546;547;548;549;550;551;552;553;554;555;556;557;558;559;561;562;563;564;565;566;568;569;571;572;573;574;575;576;577;578;579;580;581;582;583;584;585;586;588;589;590;591;592;593;594;595;596;597;598;599;600;601;602;603;604;605;606;607;608;609;610;611;612;613;614;615;616;617;618;619;620;621;622;623;624;625;627;628;629;630;631;632;633;634;635;636;637;639;640;641;642;643;644;645;646;647;648;649;650;651;652;653;654;655;658;659;660;661;662;663;666;667;669;670;671;672;673;675;676;677;678;679;680;681;682;683;684;685;686;687;688;689;690;691;692;693;694;695;696;697;698;699;700;701;702;703;704;705;706;707;708;709;710;711;712;714;715;716;717;718;719;720;721;722;723;724;725;726;727;728;729;730;731;732;733;734;735;737;738;739;740;741;742;743;744;745;746;747;748;749;750;751;752;753;754;755;757;758;759;760;761;762;763;764;765;766;767;768;769;770;771;772;773;774;775;777;779;780;781;782;783;784;785;786;787;788;789;791;792;793;794;795;796;797;798;800;802;803;804;805;807;808;809;810;811;812;813;814;815;816;817;818;819;820;821;822;823;824;825;826;827;828;829;830;831;832;833;834;835;836;837;838;839;840;842;843;844;845;846;847;848;849;850;851;852;853;854;855;856;857;858;859;861;862;863;864;865;866;867;868;869;870;871;872;873;874;875;876;877;878;880;881;882;883;884;885;886;887;888;889;890;891;892;893;894;895;896;897;898;899;901;902;903;904;905;906;908;909;910;911;912;913;914;915;916;917;918;919;920;922;923;924;926;927;928;929;930;931;932;933;934;935;937;938;940;941;942;943;944;946;947;948;949;950;951;952;953;954;955;956;957;958;959;960;961;962;963;964;965;966;967;968;969;970;971;972;973;974;975;976;977;978;979;980;981;982;983;984;985;986;987;988;989;990;991;992;993;994;995;997;998;999;1000;1001;1002;1003;1004;1005;1006;1007;1008;1009;1010;1011;1012;1013;1014;1015;1016;1017;1018;1019;1020;1021;1022;1023;1024;1025;1026;1027;1028;1029;1030;1031;1032;1033;1034;1035;1037;1038;1039;1040;1042;1044;1045;1046;1047;1048;1049;1051;1052;1053;1054;1055;1056;1057;1058;1059;1061;1062;1063;1064;1066;1067;1068;1069;1070;1071;1073;1074;1075;1076;1077;1078;1079;1080;1081;1082;1083;1084;1086;1087;1089;1091;1092;1093;1094;1095;1096;1097;1098;1099;1100;1101;1103;1104;1105;1106;1107;1108;1109;1110;1111;1112;1113;1114;1115;1116;1117;1118;1119;1120;1121;1122;1123;1124;1125;1126;1127;1128;1129;1130;1131;1132;1133;1134;1135;1136;1137;1138;1139;1140;1141;1142;1143;1144;1145;1146;1147;1148;1149;1150;1151;1152;1153;1155;1157;1158;1159;1160;1161;1162;1163;1164;1165;1166;1167;1168;1169;1170;1171;1172;1173;1174;1175;1176;1177;1178;1179;1180;1181;1182;1183;1184;1185;1186;1187;1188;1189;1190;1191;1192;1193;1194;1195;1196;1197;1198;1199;1200;1201;1202;1203;1205;1206;1207;1208;1209;1210;1211;1213;1214;1215;1216;1217;1218;1219;1220;1221;1222;1223;1224;1225;1226;1227;1228;1229;1230;1231;1232;1233;1234;1237;1238;1240;1241;1242;1244;1245;1246;1247;1248;1249;1250;1254;1255;1256;1257;1258;1259;1260;1261;1262;1263;1264;1265;1266;1267;1268;1269;1270;1271;1272;1273;1274;1275;1276;1277;1278;1279;1280;1281;1282;1283;1284;1285;1286;1287;1288;1289;1290;1291;1292;1293;1294;1295;1296;1297;1298;1299;1300;1301;1302;1303;1304;1305;1306;1307;1308;1309;1310;1311;1312;1313;1314;1315;1316;1317;1318;1319;1320;1321;1323;1324;1325;1326;1327;1328;1329;1330;1331;1332;1333;1334;1335;1336;1337;1339;1340;1341;1343;1344;1345;1346;1347;1348;1349;1350
vertigo;150;627
vesicula;869
vestibular;1092
vhb;503
vhc;503
vhi;148;180;810;880
vhi-10;180;1166;1167;1167
vicente;1316
vida;905
videonistagmografia;330;461;565;1040
vidrio;94
vigilancia;992
vigo;541;676;923;924;1112;1191
vilagarcia;949;1098
villoria;354
vinculo;1310
violeta;255
virus;1029;1223
viscosidad;178;1201
visita;588
visitas;1228
vismodegib;513
vista;1072
visual;47;161;256;608;904;1034
vitamina;955
vitatron;504;1203
vithas;15;189;962;1015;1177;1204;1217;1223;1295;1322;1332
vithaslab;1177
viñas;317
vmic;1235
vmni;1170
vocabulario;1315
voice;148
volumen;284;730;1201
voluntaria;452;501;708;798;902;1086
voluntario;380
voz;180;340;1166;1167
vph;1223
vs;799
wais;43
watch;1150
watchbp;1150
wd;815
weber;414
wechsler;89
window;165;166
windows;843
wisc;89;1344
ws;1030
xenomica;522
xestacional;1144
xinecoloxia;924
xinecoloxica;724
xuizo;802
xunta;92;233;234;356;382;385;386;390;393;394;614;706;1055;1311;1328;1337
xuntos;520
xustiza;908
yodado;1094;1108;1284
zeiss;35;366;628
zika;1029
zoom;989
zyphadera;992
